154
tr|A0A1X7TJ66|A0A1X7TJ66_AMPQE 0.0000000 1.7044355 3.6153188 3.0668249 3.8898708 6.8841884 3.1952879 3.4837302 3.0008991 3.9004602 3.9306546 3.2827479 3.7870738 3.8230798 3.1028408 3.2428366 3.5890430 3.4070142 4.3935547 3.9286344 3.8756706 3.8124933 2.4864232 2.5233741 3.2496195 3.7681031 2.9772231 3.8714644 3.5927515 3.1692086 3.9634788 3.9854761 3.1531753 3.6982584 3.9521193 3.8703189 3.8910361 3.7551256 4.7597507 4.5187048 3.9241194 3.4826298 4.1151283 2.8158379 2.9027938 3.4032717 3.9852514 4.3168030 2.8577172 3.4387048 3.4200501 3.8781155 3.8763462 3.8277674 4.0309350 3.1163373 3.8732757 3.4195934 3.1334357 0.9735953 3.9346026 3.8843354 3.8843354 3.0898963 3.5233972 3.9346026 3.9521193 3.9405900 3.6690295 2.9680828 3.4126836 3.9521193 3.6913909 3.9405900 2.9527228 2.9212554 4.8207310 3.8556168 3.4974510 4.4263334 3.9405900 3.3482148 3.5349039 3.9521193 3.9405900 3.6913909 3.1978918 2.9501087 3.6084643 3.0635105 3.9346026 3.8986290 4.1091066 3.2730231 3.1568824 3.6072873 2.8534401 3.9521193 3.8542376 3.5722218 3.9683104 3.0889398 3.9356713 3.6450826 3.0588871 3.2741995 3.6873993 3.7756245 3.8424895 3.7128498 3.0459889 3.0365649 3.6427412 3.6900101 4.2285340 4.1605149 4.3415137 3.8938575 3.9521193 3.6913909 3.9405900 2.9680828 3.3949240 4.4110256 5.4867914 3.5252901 3.5252901 3.7085848 3.0307067 3.8250700 3.4350422 3.8276253 3.4516959 2.3690182 2.1747144 2.3607128 2.8610992 4.0434296 4.0182720 4.0988216 3.2670123 3.2670123 3.8014278 3.7394553 3.9168635 3.5331015 3.6355841 1.6767876 3.2678897 4.9952001 2.3203650 3.9926824 2.9629067 3.9215034 
tr|A0A1X7TJC1|A0A1X7TJC1_AMPQE 1.7044355 0.0000000 1.2877253 2.1080072 4.1164983 1.5706462 6.8050205 1.1973733 2.7019466 1.5673124 2.2213455 2.4900787 1.3668153 1.4574740 0.0000010 2.2450162 2.1501304 0.0000010 1.7450454 1.9343854 1.3579202 1.4370415 3.0555166 3.3695741 2.1523031 1.7139109 3.2041971 2.2213455 2.1965571 2.3551766 1.5349350 1.5377548 1.9658269 2.2275010 2.2213455 2.0370435 1.7288755 3.0348322 3.7408459 3.3852834 1.8925053 1.8681202 1.6298116 2.5908558 1.7183980 1.8586940 1.1487882 2.3445364 3.8657544 2.1602714 2.1602714 2.1203418 2.1857124 2.3187992 1.7795263 2.0484147 2.2275010 3.1971115 2.0413011 2.4785277 2.2213455 1.6407214 1.6407214 4.7876321 2.9317533 2.2213455 2.2213455 1.5407013 2.2275010 2.0129785 3.5201756 2.2213455 2.2275010 1.4292277 2.0129785 4.6727260 2.0129785 0.5145006 6.6200656 3.4621650 1.4292277 1.8583094 2.6962160 2.2213455 1.4292277 2.2275010 1.4835941 2.0975741 2.2275010 2.2013896 2.2213455 1.7500536 2.3331297 1.9508597 3.3172514 2.8829520 2.7589953 2.2213455 2.1388332 2.1271929 1.5585877 2.6417111 2.8920966 1.3393220 1.7254764 9.0000000 0.5145006 2.2213455 1.0613062 0.8178320 2.2485556 0.0000010 3.5972148 1.2242417 1.9943539 1.7667334 1.9339615 1.0350480 2.2213455 2.2275010 1.5407013 2.0129785 2.4543269 3.2970985 1.8173480 1.5787308 1.5787308 3.0092368 1.8643521 8.9999980 2.2023743 1.8931055 1.5944865 3.5845116 2.7879098 2.7879098 2.6945426 1.7774692 2.2275010 2.3153566 3.4358464 3.4358464 2.1087252 2.2213455 3.9009110 2.9652753 1.9087431 2.7604881 2.3689151 2.6302524 1.9903043 1.4837295 2.6393289 2.1603517 
tr|A0A1X7TKI6|A0A1X7TKI6_AMPQE 3.6153188 1.2877253 0.0000000 3.4161340 0.2357992 0.1325589 2.9232374 0.0558465 3.9979049 0.3543923 3.7990608 3.8399627 1.1643958 1.1842462 2.9853372 4.1286773 2.0170233 2.9061177 2.0327715 2.0574182 1.1405618 1.0881918 3.0054386 2.6547629 2.4163574 0.3741945 4.0972455 3.8763127 3.9121063 4.1511915 0.3698744 0.3677498 3.7098457 3.8188240 3.7834622 1.4779978 1.4179638 4.2278445 3.7591689 3.2174086 1.5930295 1.0735184 0.4817210 3.5066260 4.1213156 3.7289942 0.5358661 4.0336637 3.2889459 3.7781304 3.4591436 3.7782133 3.6011188 3.7245653 0.3734796 3.8198787 4.0019767 4.3693372 3.9117017 3.1322383 3.7990608 0.3520629 0.3520629 3.9902902 4.1273118 3.7990608 3.7834622 0.3677345 3.7754912 3.7985666 2.6432225 3.7834622 3.7754912 0.3584976 3.7678348 4.3804930 5.1440923 4.1801290 3.5853803 0.4182326 0.3584976 0.5297809 4.2197447 3.7834622 0.3584976 3.7754912 2.3866676 2.5063367 3.7181179 3.6983632 3.7990608 0.3718274 3.9193577 4.5325016 4.2608497 4.3054597 3.8324942 3.7834622 3.8672632 3.9474165 0.3967129 2.8112193 2.7190152 0.3783033 2.9805612 3.6019468 4.0093220 3.7990608 0.3677826 3.4424679 3.5923676 3.1060349 3.4035651 1.0429442 2.0844944 2.0856377 2.0712400 1.0514537 3.7834622 3.7754912 0.3677345 3.7728219 3.9002596 3.8402321 0.5062392 3.4804027 3.4804027 4.8505770 2.2582195 5.4473269 0.2541365 0.4147005 3.6996870 2.3869497 2.4124841 2.5581657 2.5185750 0.3830085 3.9031277 3.7532571 4.3397883 4.3436388 3.8214097 3.8864830 4.5325634 4.7060944 2.4718619 2.2686609 3.3104493 3.4919221 2.9384666 0.3611797 3.5569460 3.7825201 
tr|A0A1X7U0G0|A0A1X7U0G0_AMPQE 3.0668249 2.1080072 3.4161340 0.0000000 3.6348686 4.4402897 2.7937995 3.4085266 1.4348841 3.4613261 3.2772686 3.2535520 3.2556892 3.2504444 2.6312456 1.3990767 3.3298952 2.6974230 2.8426448 3.0766446 3.1155054 3.0705464 2.9380577 2.4923570 2.5157993 3.5040008 1.1397599 3.4307068 3.3429936 1.3238461 3.4385251 3.5796739 1.2908826 3.2656260 3.2460388 2.7137241 3.2568500 1.8883720 3.6572395 3.8137954 2.9205854 3.5479353 3.5975360 1.1317746 1.0204992 3.1538704 3.6534488 3.6926675 2.8903580 3.2441932 3.1288576 3.2253991 3.2956928 3.0871926 3.5911668 1.2453638 3.2168736 1.3129814 1.4225481 2.8760455 3.2215592 3.5285694 3.4958246 1.5486165 3.2892933 3.3459332 3.2460388 3.6100298 3.2707845 1.2078289 3.3730802 3.2460388 3.2707845 3.6100298 1.2147450 1.6189957 1.5518937 1.3388385 3.7173575 4.1730956 3.6100298 3.5573998 1.3931628 3.2804114 3.6100298 3.2707845 2.9165379 3.1449906 3.1206072 1.3002970 3.2820997 3.5090755 3.4686094 1.6478994 1.6658202 1.2033808 1.2541291 3.1955578 3.1948750 3.1622748 3.5223889 2.8981704 3.1257730 3.7171177 2.9385627 1.1141849 1.7009169 3.2820997 3.4770811 3.7493975 1.5298618 2.7284925 2.6469610 3.3530966 3.0847594 3.1182570 3.0097850 3.3082790 3.3039419 3.2707845 3.6100298 1.2238440 3.0330891 4.1211126 4.2658931 3.5006419 3.5006419 1.7325052 2.8101982 1.7337005 2.7301461 3.4652555 3.2340490 2.4243201 2.5724435 2.7286797 2.8649981 3.8089736 3.1979668 3.3541920 1.2470095 1.2452455 3.1886362 3.2262910 4.0070748 1.9155150 3.2121860 2.7530659 0.8638111 6.4958033 2.8316473 3.6102307 1.2994723 3.3172577 
tr|A0A1X7U3G5|A0A1X7U3G5_AMPQE 3.8898708 4.1164983 0.2357992 3.6348686 0.0000000 0.5377236 3.1851000 0.2365903 4.1395442 0.6187717 4.0969474 4.2230510 1.5704528 1.5982737 3.8492878 4.2206901 2.6874573 3.4804810 2.4677774 2.6870811 1.5682993 1.4916090 3.5116256 3.3218008 3.3848380 0.6071156 4.3209194 4.1398034 4.2459322 4.3617281 0.6317641 0.6287375 3.9168401 4.0859418 4.0819344 1.9714420 1.7965234 4.7859082 4.2630095 4.0948730 2.0108912 1.4675616 0.7472647 3.8769260 4.2557063 4.2576277 0.8059306 4.7422581 4.0857459 4.0056931 3.8245036 4.1567928 3.8523798 4.0196446 0.6381927 3.9983455 4.2477103 4.4417846 4.1180911 4.1809610 4.0969474 0.5975343 0.5975343 4.4953886 4.4646021 4.0969474 4.0819344 0.6110924 4.0474581 3.9520452 3.4457677 4.0819344 4.0474581 0.6110924 3.9657842 5.1949830 5.2757227 4.2765106 3.9269616 0.7229702 0.6110924 0.8006630 4.5827628 4.0819344 0.6110924 4.0474581 3.2846732 3.3974984 3.9829997 3.8338963 4.0969474 0.6270171 4.2194367 4.8800193 4.3647635 4.9784861 4.0446828 4.0819344 4.1222011 4.3176445 0.6479761 3.8317772 3.5737423 0.6285729 3.3311426 3.7546281 4.2936850 4.0969474 0.5522762 3.5194109 3.7517127 3.5848206 4.4786724 1.4481872 2.6290525 2.6231267 2.6010494 1.4883721 4.0819344 4.0474581 0.6110924 3.9709249 4.2460022 3.8182987 0.8339696 3.7494527 3.7494527 5.3533710 3.0148180 6.2659843 2.5467724 0.6727119 4.3065615 2.3275340 2.3750399 2.5168763 2.9148518 0.6553894 4.1261097 4.0736158 4.5625657 4.5664931 4.2517049 4.1888278 5.2686264 5.1371917 3.3390931 2.5480576 3.6943868 3.9137469 3.5881182 0.6089188 3.9122114 4.0979551 
tr|A0A1X7UGK9|A0A1X7UGK9_AMPQE 6.8841884 1.5706462 0.1325589 4.4402897 0.5377236 0.0000000 6.1548216 0.1130366 4.5680035 0.6488865 4.9422685 5.3353303 1.5529580 1.6112144 8.9999984 4.8568618 2.3403984 6.7031237 1.9548632 1.9548233 1.4669211 1.5086872 3.3749091 2.4671144 2.3445475 0.6970122 5.2373538 4.9634701 4.8041404 4.3766745 0.6717202 0.6406871 4.3288522 4.6348249 4.9422685 2.0602897 2.2363642 6.1531460 4.8538565 3.6759239 2.2433796 1.7657193 0.8085987 4.1926479 5.8108040 5.4261247 0.8687142 5.2050644 3.0133693 5.5044858 5.1791025 5.0452064 5.2896082 4.8980985 0.6867486 4.0962680 4.8913291 4.8322017 4.7775301 4.1565900 4.9422685 0.6095536 0.6095536 5.0193971 5.3125932 4.9422685 4.9422685 0.6397903 4.6209200 4.4551244 2.9793162 4.9422685 4.6209200 0.6397903 4.4480069 5.3385487 4.3887839 6.6473397 9.0000000 0.5964730 0.6397903 0.8072889 4.7491092 4.9422685 0.6368523 4.6209200 1.9581757 1.9552148 4.9504841 3.8542306 4.9422685 0.7172577 4.9731243 4.3898088 5.2669801 4.7167638 4.3989243 4.9422685 4.6353628 4.3402312 0.6929120 2.9629177 2.4799311 0.6534752 4.1609065 4.0623999 4.8775798 4.8458444 0.7234350 5.3295721 4.2909378 8.9999988 3.6556124 1.5255994 2.1195310 2.1765113 2.0326000 1.4936778 4.9422685 4.6209200 0.6397903 4.4480069 5.5462664 2.6460868 0.4671831 4.5311713 4.5311713 5.3641678 2.0750511 6.2347647 0.2710971 0.7026285 3.9068477 1.9637526 1.8930675 1.8930675 2.6626679 0.6901349 4.8464708 5.2133623 5.5027365 5.5027365 5.0613877 5.2348929 4.4457419 4.2857409 2.7220841 2.6115017 3.7280951 4.6359375 3.1786651 0.6837433 4.0412010 5.0161490 
tr|A0A1X7V196|A0A1X7V196_AMPQE 3.1952879 6.8050205 2.9232374 2.7937995 3.1851000 6.1548216 0.0000000 4.8662282 2.7134795 5.1702009 1.3278672 0.9332916 5.9963998 5.8837374 3.5995711 2.7116551 5.2301193 3.6912051 5.7277861 4.4566107 5.8831852 5.4869326 2.5744239 2.4316559 3.3212552 4.6915013 3.3385723 1.4401085 1.3602838 2.6988522 4.8056637 5.0459289 2.5629640 1.5437212 1.3185906 5.7208661 5.0200575 3.3203622 4.8055124 5.2452079 6.1358670 6.6903076 5.3342150 3.0693144 3.0731683 0.8511911 5.3200029 1.7090181 2.9791362 1.8300658 1.7676332 1.4854029 1.7694204 1.4007593 4.9762974 2.5349683 1.5179723 3.1733959 3.2106198 3.3235417 1.2982019 4.8528109 4.8767911 2.2822146 1.5907921 1.3163862 1.3222818 5.0869170 1.5725733 2.5424181 3.2550016 1.3222818 1.5801174 4.9906817 2.5172473 1.9141504 4.3083686 2.6565388 1.4220845 2.8252168 5.0075245 4.8562553 3.0075952 1.3205380 5.0430912 1.5704944 3.3486725 3.0375533 1.5639074 2.4023766 1.3309899 4.8769473 0.9017426 3.6669104 3.0718097 2.9886259 2.6297189 1.3149862 1.4831930 1.4584219 4.8363377 3.9489022 3.3477177 5.0911468 1.0872258 2.6627130 3.6213465 0.7663257 4.5667726 1.5839820 3.2738669 3.6361343 3.4706524 5.7988917 5.4110183 6.3118308 5.1525711 5.6904137 1.3159850 1.5801174 5.0075245 2.5424181 1.1107078 0.9082897 3.9221451 1.3727941 1.3576063 3.8199036 2.5831966 3.2637785 9.0000000 5.4743384 1.8616487 2.4871255 2.3347805 2.6227698 2.6545734 5.2237211 1.5242693 1.6955596 2.6168298 2.6168298 1.3171285 1.3521456 4.3417347 3.3415894 4.4753924 4.0148503 2.7998470 4.9435994 3.5949382 5.0974033 2.4400567 1.2809655 
tr|A0A1X7VAU3|A0A1X7VAU3_AMPQE 3.4837302 1.1973733 0.0558465 3.4085266 0.2365903 0.1130366 4.8662282 0.0000000 3.6190610 0.7715068 5.0423043 4.2235312 2.4007316 2.4840434 6.3677346 3.9397630 2.3653914 6.5786121 3.0222436 2.3033782 2.4137815 2.3156812 2.7587567 2.4669557 2.4457270 0.6986093 3.6426948 4.9394264 5.0829474 3.9147778 0.7600392 0.8373099 3.4388737 5.2933184 5.0235293 2.2944973 2.8048820 3.9594514 3.7418482 3.2523970 2.5334202 2.4937809 0.8603411 3.3594547 3.9227539 3.6183037 0.9283111 5.4238299 4.3377642 5.5982499 5.5696312 5.5605046 5.9385597 5.2575605 0.7437301 3.4176995 5.4202047 3.9576012 3.5914115 3.3457176 5.0657670 0.7361408 0.7322706 3.5981531 5.0214588 5.0771180 5.0714434 0.8260759 5.3350519 3.5298160 2.4901312 5.0714434 5.3055301 0.8230029 3.5016634 3.9736422 4.8673740 4.0020230 5.4267855 0.3274948 0.8230029 0.8725971 3.9670823 5.1253172 0.8274119 5.2458639 2.4896218 2.4952508 5.3386955 3.3849699 5.0975933 0.8503429 4.3010163 4.2170205 3.9409984 3.9125216 3.5505960 5.0055822 5.0704266 5.0327308 0.8692985 2.5795298 2.5297117 0.6907848 4.5080192 3.3582322 3.8608879 4.1932502 0.7198186 4.8320913 3.7318437 6.1385113 4.9946349 2.2222878 2.8669404 3.1812535 2.4134523 2.2414187 5.0316319 5.3055301 0.8281238 3.5061876 5.4340958 3.6549529 0.4902399 5.1752355 5.2310356 4.6034739 2.3593551 5.1001251 0.2193285 0.8054284 5.3477996 2.3952795 2.4405998 2.5345259 2.4860737 0.7565651 5.7907171 5.4809441 3.9778698 3.9813522 5.1323077 5.3574179 4.7958805 4.4072872 3.3520852 3.0721462 3.1830607 3.5142664 3.2367929 0.7663630 3.2557430 5.0362571 
tr|G1KDM2|G1KDM2_ANOCA         3.0008991 2.7019466 3.9979049 1.4348841 4.1395442 4.5680035 2.7134795 3.6190610 0.0000000 3.6748556 3.3905331 3.0590353 3.5900642 3.6122675 2.3774956 1.3278199 3.7960210 2.4768430 3.1004844 3.3450086 3.4684976 3.4414202 3.5086782 3.1110989 2.8644975 3.8184745 1.0540235 3.4547507 3.3953506 0.6244372 3.7200246 3.6182062 0.5027423 3.1175402 3.4253447 3.6279540 3.5114952 2.0379434 3.8718221 3.7328532 3.8561506 3.9994899 3.9566895 1.1545583 1.1357640 3.4187437 3.7893875 3.9960768 3.5143049 3.1523601 3.1409302 3.2364003 3.2834915 3.3516589 3.6583403 0.6555894 3.3221568 1.3706892 1.2949065 2.7990909 3.3905331 3.7045988 3.7013557 0.5589384 3.1238354 3.3618425 3.4253447 3.6452934 3.1759347 0.4932115 3.6373419 3.4253447 3.1759347 3.6452934 0.5042752 0.7087433 0.6409972 0.6611430 3.0982902 4.0594636 3.6452934 3.7779533 1.5666540 3.4253447 3.6452934 3.1759347 3.4365758 3.5248052 3.2537001 0.5100538 3.3905331 3.6157365 3.6281425 1.7257774 1.2795371 1.3531523 0.5777028 3.4253447 3.2112642 3.0403776 3.7168847 3.7692511 3.6197486 3.8260328 2.7808503 1.0193503 0.9758429 3.3905331 3.5312749 3.4012110 1.6682001 2.7759384 2.8073688 3.6024221 3.1952568 3.3898879 3.3446902 3.6814201 3.4558160 3.1759347 3.6452934 0.5004262 3.1455606 4.0641398 4.4932954 3.4681595 3.4681595 1.9543107 3.2814157 1.9665300 3.0731278 3.6347010 3.3545035 3.0508598 3.1326203 3.1396931 2.7479544 3.8212923 3.4275792 3.2650401 0.8106571 0.8158127 3.2804808 3.3928498 5.1524083 2.0393081 3.8729715 2.3812427 0.7758867 5.5950579 3.4984639 3.6676214 0.4956805 3.2955924 
tr|H9G8K3|H9G8K3_ANOCA         3.9004602 1.5673124 0.3543923 3.4613261 0.6187717 0.6488865 5.1702009 0.7715068 3.6748556 0.0000000 5.1836752 3.9193433 2.3032060 2.3547198 6.0776193 4.6553355 2.3871747 5.7278719 3.0509639 2.4028080 2.2828582 2.2506222 3.0408088 2.5567077 2.4125149 0.5093710 4.0216960 4.8626847 4.9732360 4.1481020 0.2794610 0.3034869 3.6014461 5.1287978 5.1953918 2.1252754 2.5744057 4.2085866 3.9132815 3.2828381 2.3103306 2.3864597 0.7198894 3.3951450 3.9212410 3.6200665 0.7432939 5.2587513 4.2754039 5.7215768 6.2286024 5.4111926 6.2507592 5.2099411 0.3421440 3.5908559 5.4167553 4.0613952 3.6727831 3.2745388 4.7730529 0.1764369 0.1770247 3.7698440 5.8645383 4.8792542 5.2459131 0.3119930 5.1183993 3.6236438 2.6583947 5.2459131 5.1133636 0.3075594 3.6279160 3.9069388 5.2164961 4.0224245 5.8699289 0.1193699 0.3075594 0.8375949 4.5072815 5.1900379 0.3090270 5.0560893 2.2813652 2.4293483 5.5001460 3.5610561 5.2119220 0.2944529 4.0595241 4.3846910 4.2204714 4.2301339 3.6235551 5.1581612 5.1557962 5.3918153 0.3843751 2.6421204 2.6458864 0.5969617 4.2214984 3.4155495 4.1265007 3.9351241 0.1425653 5.0871917 4.2246079 5.9560531 5.1837400 2.1149332 2.8384226 3.2034533 2.4646294 2.1768324 5.2503794 5.1133636 0.3126358 3.6326377 4.7458941 3.6884743 0.2515991 4.5495110 4.6054789 4.8836224 2.3428514 5.0609289 0.4421678 0.6969313 6.0075205 2.7629080 2.9010065 2.9209904 2.7365962 0.3771414 5.4976926 5.6474235 4.3456849 4.3378153 5.1741027 5.3631585 4.5697647 4.1648221 3.5496721 3.1757461 3.3670938 3.9468938 3.4974533 0.2629384 3.5689980 5.1281831 
tr|H9GDH4|H9GDH4_ANOCA         3.9306546 2.2213455 3.7990608 3.2772686 4.0969474 4.9422685 1.3278672 5.0423043 3.3905331 5.1836752 0.0000000 0.4458663 5.6311151 5.6543873 3.5375063 3.1608582 5.2865854 3.6745744 5.6829829 4.3425577 5.2468015 4.9995053 2.7915845 2.9240286 3.9588612 4.6041988 3.7836905 0.2526974 0.5511006 3.1258024 5.0933060 5.0348625 3.0861891 0.8466249 0.1474566 4.9819322 5.5548458 3.2900938 4.6099632 4.9736555 5.4601655 6.2051087 4.8533269 3.2765126 3.1366137 0.9544671 4.9400216 1.3347740 2.4437991 1.4596437 1.5152102 0.4286970 1.1847842 0.3425479 5.0708495 2.7414243 0.7332515 3.9637585 3.5485306 3.4579653 0.0976773 4.9897208 4.7987660 3.2924059 0.9357810 0.1129823 0.1537344 4.8429483 0.8404233 3.0763778 4.5506534 0.1537344 0.8362454 4.8653998 3.0583560 4.2229706 4.0078262 4.3572432 0.1933377 3.9115542 4.8787009 5.0869376 3.5750946 0.1544733 4.9256450 0.8409028 3.6591596 3.8773399 0.9097324 3.0375512 0.1178086 5.3019379 0.0610859 3.3053937 3.3882945 3.8510148 3.1387114 0.1540737 0.8501422 0.8772736 5.1990988 5.0346822 4.3835027 4.9590768 0.9954253 3.3357998 4.5484434 0.0055719 4.6337447 0.7833804 3.4330316 3.3890774 3.4114818 5.6161729 5.1531986 6.4955069 5.0523378 5.3774169 0.1553444 0.8362454 4.8787009 3.0807032 0.3639667 0.4348776 4.0330680 0.5569282 0.5749981 4.1450644 3.8793112 4.6296881 3.9063027 5.2403351 1.6977592 3.5719647 3.4274940 3.6177052 3.5847704 5.3511551 0.6432931 1.3509957 3.2170867 3.2170867 0.3038346 0.3186105 5.2619139 3.8063481 5.4515892 3.8696144 3.0232748 6.9621056 3.9869819 5.1520388 3.0834309 0.1799603 
tr|H9GFQ9|H9GFQ9_ANOCA         3.2827479 2.4900787 3.8399627 3.2535520 4.2230510 5.3353303 0.9332916 4.2235312 3.0590353 3.9193433 0.4458663 0.0000000 4.2281199 4.2231951 2.6086872 2.9404313 4.5217502 2.7827408 3.8555568 4.0677880 3.9416236 3.7609832 2.8222978 3.1321050 3.5186291 4.1539158 3.4494592 0.4443686 0.3293770 3.0749674 3.8014483 3.9776453 2.7063499 0.2290331 0.4476133 4.4481451 4.3501063 3.2126074 4.7505442 4.9994934 4.5517403 4.3700724 4.3459017 3.2474357 3.0300076 0.9800138 4.4568835 1.0738371 2.1140702 0.5806053 0.5329215 0.5049146 0.4621951 0.4624355 4.0245108 2.6276164 0.3021142 3.7836799 3.3336708 3.4953558 0.4512185 3.8818207 3.8818207 3.0753182 0.2313247 0.4512185 0.4497826 3.9321392 0.2416521 2.7471671 4.3612871 0.4497826 0.2372410 3.9321392 2.7285664 3.5757996 3.8084370 3.3018674 0.5265887 4.0573556 3.9321392 4.6486021 3.4050331 0.4497826 3.9513927 0.2372410 3.5564390 3.7125288 0.2372948 2.6532349 0.4480773 3.9067453 0.4956452 3.0160656 3.4478117 3.6120678 2.8381574 0.4517720 0.2671565 0.2973873 3.9380435 5.1811291 4.8645632 4.3518930 0.8119962 3.1213745 4.0752194 0.3781515 4.0467606 0.2267634 3.2717862 2.8077264 2.7787659 4.0173258 3.8350801 4.3130079 4.3164011 4.0821937 0.4497826 0.2372410 3.9321392 2.7518887 0.4598103 0.4777690 4.3691802 0.5979058 0.5979058 3.5411132 3.7683655 5.1472839 3.9960517 3.9811708 0.9096197 3.4125684 2.9361629 3.1094080 3.4460743 4.1076948 0.3026735 0.5201654 2.8270871 2.8270871 0.4480516 0.4699164 4.9437916 3.6435976 5.4254119 3.7475687 2.8691657 7.0189405 3.9237080 3.8818657 2.8036286 0.4677433 
sp|O23273|DNMT4_ARATH          3.7870738 1.3668153 1.1643958 3.2556892 1.5704528 1.5529580 5.9963998 2.4007316 3.5900642 2.3032060 5.6311151 4.2281199 0.0000000 0.0738196 5.5283489 3.9675684 2.7770495 5.6763889 3.3304314 2.6831875 0.2576735 0.3891010 3.1282445 2.5033773 2.5751420 2.0711447 3.5954381 5.3814585 4.6489068 3.8925826 2.2116741 2.3245066 3.2405993 5.4206168 5.4350541 2.0497549 2.3168804 3.9314274 4.0054433 3.4375727 2.2835028 1.9071039 2.2112164 3.5200542 3.4841720 4.0688187 2.3269611 5.6690387 3.9954687 5.3856627 5.6232176 5.2420603 5.3949275 5.6861405 2.3468670 3.4842276 4.8607887 3.7514480 3.4709991 3.4051563 5.4681924 2.2864705 2.2387895 3.5227771 5.0186998 5.5497996 5.4606848 2.3082655 5.3816062 3.1324144 2.6018662 5.4606848 5.4008431 2.3226331 3.1283305 3.2227107 4.6379312 3.6719846 6.1152974 1.1241090 2.3226331 2.1969982 3.7887933 5.4063612 2.3237576 5.4245944 2.3360485 2.4556566 5.8358309 3.2165342 5.5509291 2.3661932 3.9974193 3.8918001 3.4518964 3.6633714 3.1689133 5.4432554 5.6667311 5.5838973 2.3893648 2.6385342 2.6580416 2.0781435 4.5626015 3.6381165 3.9869485 4.1159328 1.9664926 5.3983049 4.3583640 5.9479233 5.5033988 0.8024113 2.9770171 3.4229657 2.7180283 0.8477195 5.5211091 5.4008431 2.3211885 3.1367677 5.1767941 4.5601064 1.3729136 5.0121770 4.9802920 5.0699192 2.5651444 5.0080782 0.7715721 2.5795741 6.6537999 2.7358213 2.8096289 2.9719842 2.2164271 2.4263008 4.9069702 5.8616670 3.6046949 3.6476153 5.1505350 5.6782863 4.9912851 4.2352489 3.1080505 3.1128310 3.0820247 5.8918670 3.5586341 2.3152281 3.1552376 5.3310099 
sp|Q9M0S8|DNMT2_ARATH          3.8230798 1.4574740 1.1842462 3.2504444 1.5982737 1.6112144 5.8837374 2.4840434 3.6122675 2.3547198 5.6543873 4.2231951 0.0738196 0.0000000 5.7615587 4.0518248 2.7441533 5.5607633 3.2581542 2.7552456 0.2788329 0.3844837 3.1228584 2.5014926 2.6229010 2.1065845 3.7196911 5.5393047 4.6327583 3.8238221 2.2351862 2.3851661 3.2463700 5.5653718 5.2842240 2.0737222 2.3492277 3.8562169 4.0714636 3.4655266 2.3078128 1.9128525 2.2338685 3.5403351 3.5773484 4.0568337 2.3154519 5.8301476 4.0399573 5.4712805 5.8150673 5.2324207 5.6054572 5.5858838 2.3547840 3.4054252 4.9575205 3.7900374 3.4869412 3.4270018 5.3443101 2.3163883 2.2719362 3.5448572 5.0899953 5.3965147 5.3630399 2.3677304 5.5353614 3.1994314 2.6406980 5.3630399 5.5549154 2.3817290 3.1953584 3.3306072 4.6642595 3.7240365 5.9768726 1.1496016 2.3817290 2.2088503 3.8018231 5.2658832 2.3829064 5.5802483 2.3129612 2.4972609 5.9351625 3.2452414 5.4944112 2.4035874 3.9816529 4.0140435 3.5836808 3.7676426 3.1504539 5.3014959 5.8306543 5.6127082 2.4492942 2.6812254 2.6540569 2.1056454 4.5119816 3.6727072 4.1455671 4.0976361 1.9768761 5.3946027 4.3781592 6.3061169 5.9139352 0.8139068 3.0171704 3.5122079 2.7929516 0.8468821 5.4111210 5.5549154 2.3802127 3.2039966 5.1247546 4.6111650 1.3872535 5.0458230 4.9669094 5.0495899 2.6372920 5.0177924 0.7715721 2.5884382 6.5153681 2.6826397 2.7255922 2.8813598 2.1785975 2.4217943 4.8402046 6.0050746 3.6513182 3.6597158 5.1142482 5.5716527 4.8597339 4.2479461 3.1351541 3.0240286 3.0308235 5.7860614 3.4429258 2.3619218 3.2066255 5.2749299 
sp|Q9M548|DRM2_ARATH           3.1028408 0.0000010 2.9853372 2.6312456 3.8492878 8.9999984 3.5995711 6.3677346 2.3774956 6.0776193 3.5375063 2.6086872 5.5283489 5.7615587 0.0000000 2.9147868 4.4548343 0.5396141 5.9960122 4.1352734 5.1861827 5.1653094 2.4589792 2.2861406 3.8154936 6.9530668 3.1009348 3.6059576 3.0290559 2.4358675 5.9120910 6.6573555 2.3075855 3.0006903 3.4471435 5.0780609 5.9693685 3.2265399 5.4743115 5.8121726 5.6526965 5.8942016 6.1631413 2.4994218 2.4240621 1.6150182 5.6094023 3.7192958 3.3547938 3.4904528 3.4547759 3.7094207 3.5600449 3.4160470 6.5450822 2.4881933 3.1551031 2.7314605 2.4799040 3.1011220 3.4882809 6.3661369 6.4000198 2.2752139 3.0825322 3.4877714 3.4531544 6.4821748 3.0038132 2.3183160 3.4663381 3.4531544 3.0036380 6.3362786 2.2850188 1.9001404 4.5997548 2.2867685 3.4648053 3.5941483 6.3362786 6.9140367 2.8549727 3.4392016 6.4281342 3.0036380 3.2365367 2.9092874 3.0869654 2.4029783 3.5270515 5.9896356 2.7077896 3.1077981 2.9437270 2.6408260 2.2283173 3.4559158 3.0160271 2.9857741 6.4665576 3.6338622 3.5892285 6.2249382 3.5426205 3.0925266 3.7233532 2.4155761 5.5238177 2.8639779 2.9618808 0.8675264 0.9237924 5.8750565 4.3202762 5.3986267 4.7239990 5.9463986 3.4576796 3.0036380 6.3362786 2.3183160 2.5876134 1.4784740 3.8357215 3.1830939 3.0418043 2.8737243 2.4797022 2.1254992 0.0000010 6.6017089 3.8770436 2.4573793 2.6484411 2.5390375 2.4313123 6.9565733 3.4197516 3.5301779 2.4303634 2.4303634 3.1922532 3.4369387 4.7855367 3.2434265 5.5689548 3.7131637 2.3626604 3.4046875 4.0629976 5.8224505 2.4317421 3.5914395 
sp|F4JWT7|TRDMT_ARATH          3.2428366 2.2450162 4.1286773 1.3990767 4.2206901 4.8568618 2.7116551 3.9397630 1.3278199 4.6553355 3.1608582 2.9404313 3.9675684 4.0518248 2.9147868 0.0000000 3.9980495 2.9833970 3.7809407 3.9388236 3.9344481 3.7376351 2.9874015 3.3132675 2.6609112 4.2820431 1.4249784 3.2180293 3.2071563 1.4751040 4.4459548 4.4171349 1.4573866 3.1297656 3.0836075 4.1287836 4.3294005 1.8027137 4.0817803 4.2830547 4.0854597 4.3201302 4.4022594 1.4895130 1.4203772 3.8252419 4.3924044 3.8388537 3.6158676 3.1954567 3.2463347 3.1773830 3.2577139 3.1781601 4.5740517 1.4463776 3.1787010 1.4575681 1.5187478 3.2225577 3.1268383 4.5636842 4.5374709 1.6263909 3.1691300 3.1332127 3.0836075 4.4719626 3.2410956 1.4566582 3.4861386 3.0836075 3.2410956 4.4719626 1.4533100 1.8040274 1.7808275 1.8687047 2.9933260 5.0464029 4.4719626 4.3349040 1.6063583 3.0836075 4.4719626 3.2410956 3.6495492 3.8758903 3.1331206 1.4496932 3.1268383 4.6215980 3.1795525 1.5816560 1.5383469 1.3742145 1.4158727 3.0836075 3.1625069 3.0908314 4.5053419 3.5615126 3.6177402 4.5995949 2.6617104 1.2850481 1.9995928 3.1103068 4.7722140 3.3078492 0.5312390 2.7408689 3.1525007 3.8270306 3.8828758 4.1278416 4.1267613 3.8888700 3.1382062 3.2410956 4.4719626 1.4626522 2.9451086 3.2107484 5.1186706 3.4898748 3.4898748 2.0163677 3.5860807 1.9836675 2.9940339 4.3621466 3.2946600 3.1308407 3.0035389 3.2068703 3.0967858 4.6410279 3.3056714 3.2718044 1.4323705 1.4244085 3.1365553 3.1296705 4.9574353 2.2597906 3.3904435 3.0989101 1.0866335 7.3989369 3.3073784 4.4833639 1.3822378 2.9993617 
sp|O49139|CMT1_ARATH           3.5890430 2.1501304 2.0170233 3.3298952 2.6874573 2.3403984 5.2301193 2.3653914 3.7960210 2.3871747 5.2865854 4.5217502 2.7770495 2.7441533 4.4548343 3.9980495 0.0000000 5.4652057 1.1662418 1.1059636 2.5996223 2.7561432 3.3690887 2.6588525 3.2921970 2.5254167 4.1061891 5.4992574 5.2874249 3.5493586 2.4694322 2.3211811 3.3498362 5.0705608 5.3137125 3.0223928 3.0690536 4.3512711 4.0737949 3.3802828 3.1035592 2.9044437 2.6416518 3.6342869 4.0539034 4.2263775 2.6799921 5.4166338 3.8544998 5.7796316 5.6141802 5.1611997 5.1940537 5.4109309 2.4985930 3.4306765 5.8131480 3.3185763 3.9272719 3.5748151 5.3088423 2.3489996 2.3489996 3.8418363 5.8716777 5.3088423 5.3144397 2.3852737 5.2454638 3.3778890 3.1429109 5.3144397 5.1486266 2.3414706 3.3710130 3.9854967 4.2925070 4.0102303 6.4248499 2.0960922 2.3414706 2.4611211 3.9197967 5.3002132 2.3462587 5.1486266 2.5699369 2.7906177 5.1571853 3.3977708 5.3458708 2.4136740 4.7309464 3.7249834 3.6562263 4.4173512 3.2324347 5.2959488 5.1637664 5.0030429 2.4242769 3.5998954 3.2642070 2.7029411 4.3969446 3.8295608 4.4039135 4.3955717 2.4624517 5.1679405 4.0553417 4.6896118 4.8152573 2.7513177 0.9639183 1.2928897 0.9844158 2.8062596 5.3144397 5.1486266 2.3892775 3.3692402 5.5658792 3.9571729 2.1773645 5.5194095 5.6204567 5.3342021 2.4575996 5.6874155 1.5738835 2.6794927 5.1204718 3.5634425 3.2024168 3.3914996 3.1042136 2.5998566 5.3054241 4.9025289 3.4134148 3.4513138 5.3190883 5.4051986 5.2754523 4.7047750 2.8422901 3.9342960 3.4331407 4.2837371 3.6137001 2.4338501 3.4799343 5.2808098 
sp|Q9LXE5|DRM1L_ARATH          3.4070142 0.0000010 2.9061177 2.6974230 3.4804810 6.7031237 3.6912051 6.5786121 2.4768430 5.7278719 3.6745744 2.7827408 5.6763889 5.5607633 0.5396141 2.9833970 5.4652057 0.0000000 5.7279109 4.5484913 5.6781851 5.6053387 2.6519257 2.4743040 3.3392540 6.4118234 3.2568205 3.7673934 3.4217429 2.6312222 5.4864812 6.6130082 2.4649101 3.2945340 3.6498974 5.3315849 5.5680119 2.9344191 5.9404099 5.4614836 5.7226606 5.9436153 6.0403979 2.4877808 2.2958898 1.5912655 5.5220072 3.6151351 3.5093454 3.9069832 3.9055262 3.7873295 3.9506157 3.6281388 5.7660924 2.5398430 3.5535343 3.1507805 2.5437067 3.1799417 3.6668429 5.9029215 5.6896125 2.2526567 3.5600602 3.6497502 3.6564104 6.6356725 3.2937676 2.4611172 3.0585234 3.6564104 3.3311435 6.3583236 2.4377520 1.9500809 4.5838807 2.4634855 3.7413508 3.5732735 6.3583236 6.0120660 2.9416965 3.6412613 6.3043019 3.3311435 3.2441297 2.8157625 3.4386233 2.4287907 3.7340773 5.7376739 2.7564413 3.2801207 3.1176171 3.0572939 2.2589194 3.6524821 3.2613811 3.2724331 6.1326850 3.5701716 3.6092850 5.3806447 3.7258807 2.9956451 3.3947868 2.5100815 5.1396570 3.2269775 2.8747864 0.8862700 0.9694706 6.0564914 5.2733238 6.1041302 5.1545667 5.9495670 3.6412649 3.3311435 6.3583236 2.4611172 2.6416547 1.7730992 3.7102161 3.5805775 3.4652691 3.6420984 2.6529460 1.9608916 0.0000010 6.0674712 4.1855335 2.4868604 2.6360357 2.5266422 2.5465428 6.6830062 3.6239307 3.9138832 2.5660234 2.5660234 3.3888818 3.5606727 5.0475809 3.7186544 5.5616369 4.2744395 2.7792239 3.4322877 4.3333516 5.3846433 2.4943192 3.7532792 
sp|Q94F87|CMT2_ARATH           4.3935547 1.7450454 2.0327715 2.8426448 2.4677774 1.9548632 5.7277861 3.0222436 3.1004844 3.0509639 5.6829829 3.8555568 3.3304314 3.2581542 5.9960122 3.7809407 1.1662418 5.7279109 0.0000000 1.1029952 3.3531628 3.2324230 2.9222315 2.5807932 2.6665189 3.2455041 3.7191481 5.6069809 5.2871912 3.0185297 3.0065817 3.0454166 2.8887712 5.3514081 5.4283217 3.1613077 3.2553988 3.9732954 4.2894162 3.3003771 3.5743383 3.5933663 3.0360244 3.1783523 3.4752156 3.7031199 3.2213232 5.8416294 4.2410502 5.6353292 6.0763062 5.9519746 5.9653004 5.5578492 3.0160571 2.9818378 5.0582481 3.3640104 3.4265352 3.4620171 5.4990196 3.0490405 3.0422066 3.2078778 5.9727272 5.5471457 5.4817007 3.0825804 5.3232829 2.7742839 2.7550471 5.4817007 5.3159350 3.0718207 2.7940513 2.7831088 3.6059700 3.2002228 6.8174321 2.1821654 3.0718207 3.2086628 3.7106652 5.4103488 3.0605179 5.3145990 2.2203145 2.5229505 5.7171642 2.8633880 5.5284718 3.1734461 3.8126049 3.7868759 3.7526060 3.6142071 2.8568239 5.4114281 5.1513952 4.8860105 3.1191928 3.1870598 3.1077573 3.1980820 4.9163254 3.3277919 4.1949154 3.5681562 3.0059214 5.5671373 3.9576774 5.5096419 5.4581319 3.2005081 1.2795554 1.2850213 1.1281293 3.3227457 5.4817007 5.3159350 3.1374612 2.7926396 5.1789677 4.3388329 2.2465717 5.7168614 5.8375621 3.8723601 2.2476685 5.5435988 1.4781950 3.3937966 5.9273537 3.2790340 2.7476899 2.8546069 2.6792575 3.1428909 5.4659268 5.9834702 3.1662780 3.1690157 5.3168193 5.5987050 4.8458879 4.2264020 3.2462334 4.0516724 2.6835612 4.1372886 3.3256098 3.0812085 2.8559300 5.5307715 
sp|Q94F88|CMT3_ARATH           3.9286344 1.9343854 2.0574182 3.0766446 2.6870811 1.9548233 4.4566107 2.3033782 3.3450086 2.4028080 4.3425577 4.0677880 2.6831875 2.7552456 4.1352734 3.9388236 1.1059636 4.5484913 1.1029952 0.0000000 2.6635125 2.7336394 3.0913339 2.7828974 3.0907776 2.3952393 3.9347934 4.3615495 4.2736785 3.3107413 2.3991911 2.4310212 3.1972696 4.5125156 4.4273627 3.2673204 3.1705994 4.4995155 3.9146363 3.5563778 3.3298208 3.0218845 2.5723637 3.4418807 3.4398362 3.4768485 2.6589602 4.6628904 3.8076610 4.8431918 4.8998590 4.5237354 4.8746270 4.3753770 2.4468955 3.1893963 4.4998446 3.2245315 3.8891371 3.5402068 4.4544974 2.3562633 2.3545863 3.4578582 4.6867065 4.4597207 4.4243563 2.4161777 4.4537939 3.1964259 2.5332001 4.4243563 4.4458613 2.3986246 3.1963677 3.6068946 3.9918349 3.6176989 5.3690397 2.0115507 2.3986246 2.5122880 4.1300998 4.4141304 2.4033519 4.4458613 2.5476962 2.8653562 4.5103394 3.2618579 4.5307454 2.5032133 4.0699697 3.8712217 3.4309337 3.7305166 3.0583042 4.4104416 4.4643664 4.4091442 2.4206205 3.0910803 3.0809554 2.6282072 4.1772565 3.4067621 3.9052799 3.6818677 2.4495807 4.6212806 4.3091277 3.7733117 4.0400721 2.6117878 0.9967762 1.2946888 0.9675715 2.5415247 4.4243563 4.4458613 2.4182331 3.1946966 4.5109172 4.1447515 2.0066778 4.8942576 5.1381944 4.1589259 2.4609036 5.6465452 1.6675232 2.5581634 4.7283871 2.8142506 2.5958487 2.7525126 3.0227639 2.5058164 4.4091469 4.9526556 3.0587451 3.0534149 4.7071934 4.3773504 5.4262029 3.8784840 2.7873429 3.5476199 2.9332285 3.9793237 3.3576471 2.3938794 3.2894351 4.5051619 
sp|Q9T0I1|DNMT3_ARATH          3.8756706 1.3579202 1.1405618 3.1155054 1.5682993 1.4669211 5.8831852 2.4137815 3.4684976 2.2828582 5.2468015 3.9416236 0.2576735 0.2788329 5.1861827 3.9344481 2.5996223 5.6781851 3.3531628 2.6635125 0.0000000 0.4140755 3.1461004 2.5425433 2.6961114 2.1402393 3.6607375 5.3985595 4.4490291 3.6078809 2.2316025 2.2932634 3.0885315 5.0127035 5.1510169 2.0359544 2.4659553 3.9785932 4.1896122 3.4701823 2.3607010 1.9280692 2.2374151 3.2680371 3.3737315 4.0293840 2.3898956 5.3824147 4.1881414 4.8143935 5.0319058 4.8864269 4.9153588 5.4673292 2.3226634 3.1788413 4.8009706 3.4747415 3.5371260 3.3852608 5.2159047 2.2304039 2.1842510 3.3762422 4.7520462 5.2317912 5.1619217 2.2702864 5.0037113 3.0577931 2.4922919 5.1619217 5.0221395 2.2933073 3.0540829 3.4767215 4.5790188 3.3050020 5.6302947 1.1602491 2.2933073 2.1615688 3.4828857 5.1067505 2.2895930 5.0573191 2.5050183 2.4076497 5.1798498 3.0692749 5.2374603 2.4014536 3.9197620 3.8501650 3.4068132 3.3624922 3.0965627 5.1617600 5.1647840 5.0092223 2.3954364 2.5020975 2.3977374 2.0906074 4.2683419 3.4767811 4.0942198 4.0228268 2.0467841 5.2766304 3.9887752 6.3015894 5.6683918 0.8175786 2.9032609 3.6519013 2.6687028 0.8582570 5.2041796 5.0221395 2.2876599 3.0627363 4.9934140 3.9310807 1.4409790 4.6593015 4.5998821 4.9066065 2.4481822 4.8849428 0.5817946 2.5799007 5.9957156 2.6998305 2.5553221 2.6727310 2.4529813 2.4194449 4.8062893 5.6507565 3.4517482 3.4928434 4.8327032 5.3459006 4.7606643 3.9307436 3.3496740 3.2279080 2.9575076 5.6875883 3.2735505 2.2772588 3.1362956 5.1866807 
sp|P34881|DNMT1_ARATH          3.8124933 1.4370415 1.0881918 3.0705464 1.4916090 1.5086872 5.4869326 2.3156812 3.4414202 2.2506222 4.9995053 3.7609832 0.3891010 0.3844837 5.1653094 3.7376351 2.7561432 5.6053387 3.2324230 2.7336394 0.4140755 0.0000000 2.9439611 2.6685441 2.7067002 1.9982419 3.6884052 5.1005502 4.2593691 3.5112247 2.1578396 2.2271042 3.0361423 5.2001059 5.0004869 2.0342710 2.3131390 3.7426839 3.9012816 3.3308287 2.2955162 1.8363827 2.1102829 3.1779399 3.3959735 3.7404509 2.2168981 5.2974760 4.2009561 5.0819656 5.3882149 4.8633717 5.4646781 5.3209822 2.2273338 3.0124978 4.8085549 3.7619166 3.3378274 3.3004133 4.9124829 2.1913415 2.1478121 3.2914747 4.8877177 5.0687257 5.0483915 2.2027412 5.1149414 2.9565847 2.6421492 5.0483915 5.1530163 2.2034971 2.9523703 3.2022101 4.2143594 3.3309180 5.6241149 0.9887426 2.2034971 2.0902928 3.7555738 5.0322688 2.1984089 5.1743584 2.3680877 2.5400177 5.4955150 2.9339885 5.0172919 2.3020939 3.4642013 3.7719857 3.5031345 3.4796409 3.0162114 5.0050383 5.1926773 4.9855728 2.2864057 2.8510043 2.7806280 1.9572479 4.2094733 3.3354366 3.8871629 3.5323151 1.8812359 5.0988146 4.0572921 5.5912675 5.3922880 0.7560507 3.0115591 3.5431975 2.7692924 0.7983622 5.1060676 5.1530163 2.1907067 2.9605101 4.8961079 4.4299048 1.3187839 4.5982896 4.6975436 4.8056451 2.5873935 5.0539560 0.7444325 2.4945599 6.1145249 2.8039083 2.7410427 2.8949554 2.3989076 2.2920037 4.7082908 5.8722746 3.3454677 3.3053356 4.8506891 5.2903651 4.5742636 4.0266892 3.3729611 2.8443828 3.0892005 5.6438388 3.4198268 2.2059383 3.0289898 4.9797119 
sp|P68585|MTBP_BACSU           2.4864232 3.0555166 3.0054386 2.9380577 3.5116256 3.3749091 2.5744239 2.7587567 3.5086782 3.0408088 2.7915845 2.8222978 3.1282445 3.1228584 2.4589792 2.9874015 3.3690887 2.6519257 2.9222315 3.0913339 3.1461004 2.9439611 0.0000000 2.6703481 3.0099531 2.8854780 3.2577547 2.8854087 2.9135279 3.0122219 2.9457460 2.9676786 3.1118528 3.0249225 2.7655989 2.9309257 2.9957047 3.9287276 3.9232838 4.0223613 3.1047745 2.8170043 3.0464797 2.9549057 2.6652842 3.3161494 2.9194120 3.1717941 2.8709599 3.1005622 2.8648890 2.8936133 2.9127460 2.7264280 2.9878903 2.8635115 2.7915177 3.0445179 2.9483928 2.5533324 2.7915845 2.9681343 2.9757223 3.4410969 3.2143435 2.7505303 2.7655989 2.9771298 3.0392708 3.1541137 3.2200256 2.7655989 3.0392708 2.9771298 3.1599717 4.1236023 4.7575542 4.4033631 2.5434708 3.2688344 2.9771298 2.7922876 3.0533076 2.7655989 2.9771298 3.0392708 2.6629692 3.4905333 2.8564969 3.1244907 2.7915845 2.9616710 2.9756536 3.2918000 2.9104635 3.2193489 3.0105544 2.7655989 3.0854277 3.1148921 2.9714911 3.4986573 4.0165431 2.8695901 3.0803438 3.3568763 4.2271566 2.7915845 3.1117717 2.8178288 3.2132599 2.2784636 3.0040072 2.8578380 3.1414415 3.0487019 3.2019168 2.8607734 2.8070764 3.0392708 2.9771298 3.1771817 2.7277848 3.0919251 3.5289237 2.5096565 2.5096565 3.6019261 3.1277384 4.0679108 2.3254530 2.9247489 2.9778939 3.1419364 2.9570087 3.1409286 3.2014390 3.0187224 2.8403498 2.9972262 3.1483603 3.1513218 2.8687609 2.6332057 3.8767316 3.5921290 4.1560731 2.0545099 2.6640667 5.1890594 2.6413868 3.0118050 3.0864303 2.8043005 
sp|O34680|YDIP_BACSU           2.5233741 3.3695741 2.6547629 2.4923570 3.3218008 2.4671144 2.4316559 2.4669557 3.1110989 2.5567077 2.9240286 3.1321050 2.5033773 2.5014926 2.2861406 3.3132675 2.6588525 2.4743040 2.5807932 2.7828974 2.5425433 2.6685441 2.6703481 0.0000000 2.3165285 2.6306647 2.7453616 2.8717543 2.9672283 2.6549380 2.5959190 2.5385799 2.7160782 2.9838406 2.9373915 3.2840274 2.5273279 3.4130374 3.9046939 3.7917077 3.1241767 2.7053517 2.4535007 2.9059060 2.6908987 2.6987407 2.3631585 2.8256303 3.2491403 3.0431404 3.0225767 2.9763534 3.1797972 2.9469087 2.5007426 2.7628676 3.0969892 3.1216571 2.8426591 2.9663257 2.9240286 2.7132836 2.7132836 3.3624109 3.1648156 2.9240286 2.9373915 2.8654076 2.9741341 2.7423921 2.3591972 2.9373915 2.9741341 2.5985035 2.7310763 2.8814053 3.5542622 3.3829141 2.7454254 2.9681017 2.5985035 2.6410356 3.1020919 2.9373915 2.5985035 2.9741341 2.8431024 2.8785965 3.0540697 2.7857381 2.9240286 2.6295907 3.1421187 2.8936885 3.7557410 3.2152746 2.7541301 2.9373915 2.8902872 2.8887673 2.6422590 2.7646065 2.4864098 2.6271395 2.4048233 2.5517405 4.0049075 2.9240286 2.5867427 3.0228315 3.2249996 2.0727051 2.4578769 2.2628572 2.7332296 2.7270707 2.6971686 2.3562073 2.9373915 2.9741341 2.8286634 2.7547397 3.0454738 2.6039670 2.8103049 2.7517944 2.7517944 3.2433416 2.7157731 4.7078521 2.6117736 2.6387131 2.6798813 2.5979526 2.1858653 2.3078150 2.7521577 2.5468469 3.1350103 3.2495712 2.7427915 2.7427915 3.0316952 3.0814249 3.2854698 3.3441073 3.1233868 2.3960293 2.3899179 4.4650969 2.7791868 2.5120240 2.5576877 2.8741882 
sp|O34939|YDIO_BACSU           3.2496195 2.1523031 2.4163574 2.5157993 3.3848380 2.3445475 3.3212552 2.4457270 2.8644975 2.4125149 3.9588612 3.5186291 2.5751420 2.6229010 3.8154936 2.6609112 3.2921970 3.3392540 2.6665189 3.0907776 2.6961114 2.7067002 3.0099531 2.3165285 0.0000000 2.4326893 2.7527644 3.7457254 3.8748115 2.7125464 2.3679442 2.4089464 2.7356300 3.5481675 3.8095542 2.9322430 2.6587045 3.0179864 3.1837970 3.3914434 3.1124581 2.8516782 2.4484952 2.6393996 2.6087407 3.1605339 2.3810214 3.8517456 3.1210116 3.3863028 3.4383109 3.6053032 3.3922251 3.6620962 2.3920407 2.5935194 3.7689561 2.8973341 2.4447107 2.9472467 3.9086626 2.3744227 2.3763353 2.7949906 3.4904211 3.8405808 3.8095542 2.4076820 3.6253898 2.7627883 2.2562228 3.8095542 3.6312470 2.4076820 2.7683203 2.6285529 3.7352851 2.8159021 3.8828174 2.5550474 2.4076820 2.5404972 2.7991241 3.8095542 2.4076820 3.6312470 2.3188107 2.3095499 3.9639137 2.5903615 3.9086626 2.4380401 3.9838449 2.9474986 2.7562039 3.1163307 2.7051897 3.8170734 3.5853194 3.4244247 2.4585282 2.1159025 2.1554077 2.4064675 3.4408366 2.9301370 3.7591547 3.7204338 2.5599567 3.5757864 3.0182217 3.5016313 3.7397292 2.5201668 3.1648621 2.9866886 3.1947879 2.5618040 3.8768116 3.6312470 2.4076820 2.7923806 3.2981075 4.3806110 2.5257343 3.7457184 3.7457184 3.4187089 2.0854929 4.2311642 1.4134520 2.3969023 3.7997371 3.1040945 2.9815012 3.1899737 1.9913209 2.4512036 3.8616414 3.3785740 3.0365597 3.0365597 3.8576593 3.9041619 4.0292153 3.2427479 2.9791061 2.2777316 2.6273321 5.0932891 2.9393418 2.4018773 2.6967519 3.7362320 
