105
tr|A0A1X7STY1|A0A1X7STY1_AMPQE 0.0000000 0.3169515 0.6054527 1.0080923 4.4482806 3.7388534 3.6009694 4.4965051 3.7445231 3.4793317 4.4619019 3.6599021 3.6227908 4.0170336 3.3650142 4.0238878 4.4376172 3.5930374 3.7299578 4.5237049 4.1450814 3.4904507 4.0951996 3.7019918 4.6866763 3.2833938 4.8283751 3.4313588 3.8394069 4.1772066 3.9808483 3.2733188 3.5298549 4.4401191 3.6542515 4.6864088 4.5145569 4.7047760 3.5363725 3.5627217 3.6946981 3.6670657 4.4483106 4.1757584 3.2733188 3.8394069 4.4401191 3.0956486 4.3258596 9.0000000 4.8365418 4.4401191 5.0774144 4.1320598 3.6065528 3.6941110 4.8067483 3.7855596 3.9227799 4.4486740 3.3667319 4.2256345 3.6221633 4.4674796 3.4670875 4.1190878 4.0886510 3.9095272 4.9675884 4.4515787 3.5345322 4.3442871 3.7761945 3.6555245 3.7241217 3.4117700 4.8040596 4.4869623 3.3633517 3.8394069 4.1944278 3.7664687 4.4401191 4.1163229 5.0628245 3.9251785 3.2733188 3.9529428 5.8966256 5.8966256 4.0048163 4.1150410 3.9580697 4.5645522 5.8966256 4.0514042 5.8636375 5.8966256 3.8788928 3.7777213 4.3270292 3.5594062 4.4016825 4.3226086 4.5818706 
tr|A0A1X7UDW5|A0A1X7UDW5_AMPQE 0.3169515 0.0000000 0.6172787 1.1779774 3.6884763 3.5511303 3.2862276 3.8695691 3.3984158 3.6472886 3.5905107 2.6960925 3.4055168 3.5470431 2.8826978 3.7002093 3.5761208 3.3686746 3.5319089 3.6566885 4.1124691 2.5330737 3.2909922 2.6847163 3.7304234 2.7301219 4.2189104 3.3256653 3.3838452 4.7679417 4.4503888 2.7471768 3.4020002 3.6650578 3.8798427 4.8319729 4.3220170 4.8104715 3.5725546 3.6328990 3.9185674 4.1717664 3.9338955 3.5528343 2.7471768 3.3838452 3.6329363 2.8883499 3.6148308 9.0000000 4.8104715 3.6175309 4.3438873 3.8060885 4.1543487 3.7244408 4.5503319 3.8537981 3.4813474 3.6695872 2.7996349 3.6773293 4.2439423 3.5253345 2.8557184 3.8111065 3.4902095 3.5458602 4.0047035 4.6740602 2.9100405 3.5101633 3.8268975 3.5723929 3.7613437 2.7728268 3.8008775 3.6408599 3.4530318 3.3838452 3.7472736 3.9786556 3.6650578 3.4705041 4.7335061 4.3348679 2.7471768 4.3641859 4.7132276 4.7132276 3.9664918 3.5593586 3.9175274 3.8657204 4.7132276 3.4352515 4.7132276 4.7132276 3.3378940 3.0595222 3.3262807 2.6065589 3.8855284 3.5009094 3.0849384 
tr|A0A1X7UET3|A0A1X7UET3_AMPQE 0.6054527 0.6172787 0.0000000 1.1213973 3.7568415 3.8929118 3.6106990 4.2915015 3.5620554 4.9972123 3.9617862 2.9526873 3.9279820 3.9305745 3.0831792 4.3602579 3.5031986 3.9362713 3.7218215 3.5682278 4.1724731 3.0548247 3.6683455 3.3462190 3.6673953 2.8690701 4.8231817 4.3109119 3.9992938 4.5130961 4.3531500 3.0939151 4.3338687 3.6634722 4.4832095 4.6419901 4.4902395 4.6992947 4.4911067 4.2074481 4.5591645 4.0496834 3.8873094 4.3025883 3.0372759 3.9992938 3.5885997 3.4349562 3.6590646 7.8871170 4.6992947 3.6145926 4.7879431 3.9794377 3.9873713 4.5574196 4.6342906 4.4091280 4.1087956 3.5422068 3.0930610 3.8515572 3.9779320 3.6149962 3.0604797 3.9508714 4.2661143 4.4808239 4.2252951 5.1641986 3.2068794 3.4990702 4.3818589 3.8812241 4.1278407 2.7947647 4.0041486 3.6309521 4.0808212 3.9992938 3.7791574 4.5724758 3.6804210 4.2050322 4.8474966 4.1927343 3.0939151 4.2221929 4.9611962 4.9611962 4.5600438 4.2155710 4.1992877 3.9170467 4.9611962 3.7780713 4.9611962 4.9611962 3.7390285 3.0273018 3.6437393 3.0918294 3.8954855 3.8632693 3.7077863 
tr|A0A1X7UFB4|A0A1X7UFB4_AMPQE 1.0080923 1.1779774 1.1213973 0.0000000 3.9830921 3.0300889 2.6752669 4.0717858 3.2256442 3.7172012 3.6724085 3.1787139 3.3789735 3.3328456 2.4018752 3.8394271 3.9904865 2.8730623 3.2234459 4.0751702 3.5878800 2.9033677 3.4772470 2.8554317 3.9556000 2.6249512 4.4493731 3.0568308 3.4853977 3.6344947 3.4438604 2.4522909 3.2749713 3.8914359 3.2464110 3.5593656 3.5571916 3.5935692 3.4387180 3.2935387 3.3624196 3.4196083 3.6408241 4.1515419 2.4522909 3.4853977 3.8782367 2.7611607 3.8629178 6.3547510 3.7263682 3.8419909 3.8839609 3.3912958 3.5195495 3.2508400 3.5530006 3.2871873 3.4819011 3.9137814 2.5055968 3.2351032 3.5325549 3.7299089 2.6583380 3.3757261 3.5264833 3.9257372 3.5759046 3.4203338 2.5855000 3.9026937 4.4540302 3.6414666 3.8985556 2.7992830 3.9635508 3.6994371 3.3383319 3.4853977 3.4872890 3.3696995 3.9098973 4.0740146 3.9304603 3.5308117 2.4522909 3.5719362 3.6291903 3.6291903 2.9897368 3.0379679 3.0432957 3.5956929 3.6291903 3.4958376 3.5346300 3.6291903 3.4478100 3.1450490 3.5788263 2.8433218 4.0178601 3.7842836 3.0239633 
tr|G1KTX0|G1KTX0_ANOCA         4.4482806 3.6884763 3.7568415 3.9830921 0.0000000 2.4854104 2.1875700 3.6851930 2.1686102 3.9415992 3.5270995 1.7637262 2.6866454 3.5268018 1.9810741 2.7114521 0.1164722 1.7197080 1.6241105 0.1216045 3.6530622 1.8945452 0.5176198 1.8551311 0.1291111 1.9884350 3.8548841 1.4232435 3.7406635 1.2950320 1.3246895 1.9562804 1.4339744 0.1669828 1.4832419 1.3914638 1.2726262 1.3945199 1.4234952 1.5086037 1.4687989 1.3073135 1.6951105 2.5131292 1.9562804 3.7406635 0.1594825 1.3471207 0.1941985 0.1660006 1.5182988 0.1615557 1.2683206 1.6871644 1.2051869 1.5667870 1.3451588 1.4362268 3.7499607 0.1483716 1.9411254 1.6625248 1.1475353 0.1699937 2.0708395 2.4074431 2.4205652 2.4796393 3.8068358 1.5810746 1.9242272 0.1305049 3.5264285 3.7375141 4.6318559 1.9031857 3.6437672 0.1383605 1.5181545 3.7406635 1.6462075 1.4547259 0.1609769 2.5664135 1.6527074 1.2925650 1.9562804 1.2680912 3.4988047 3.4988047 2.6064526 3.1044777 2.6663337 3.4400578 3.4988047 2.4746470 3.4988047 3.4988047 2.4743430 2.2703780 0.6898504 1.7719952 3.7973991 0.3828269 2.0700716 
tr|G1KV46|G1KV46_ANOCA         3.7388534 3.5511303 3.8929118 3.0300889 2.4854104 0.0000000 2.7282386 3.7732356 2.7845420 3.8132737 3.8124590 2.5295651 1.6838134 3.5408574 2.6079590 3.3773292 2.5476760 2.6031150 2.0249780 2.5633035 5.0773728 2.7610319 2.5006283 2.4805340 2.6061413 2.5554837 3.6717893 3.0035029 3.5125960 2.5773263 2.4655836 2.6347444 3.0350508 2.6580306 3.0841620 2.6166849 2.7441962 2.6416361 3.1348788 2.9132202 3.1761107 2.5833680 2.6379847 3.5620581 2.6347444 3.5125960 2.6126204 2.5030880 2.4509329 3.6295068 2.6660830 2.5940199 2.7745660 2.4337612 2.3863276 3.3130584 2.6501756 2.9698925 3.5372191 2.6977113 2.6633081 2.4225137 2.2914675 2.5773684 2.6958934 1.2243008 3.4272212 3.4715150 3.6091290 2.7595858 2.5713590 2.5827263 3.4241022 3.4275158 3.3035114 2.6764294 3.7065601 2.6124001 3.0364713 3.5859780 2.5581038 3.1529697 2.6287779 3.5778340 2.7161190 2.4777368 2.6347444 2.4976252 3.0278454 3.0278454 2.9137512 2.6199690 3.0625903 3.7421988 3.0278454 2.3307459 3.0278454 3.0278454 2.3242128 2.8622380 2.7717207 3.1019267 3.4685351 2.5725443 2.8464260 
tr|G1KZ85|G1KZ85_ANOCA         3.6009694 3.2862276 3.6106990 2.6752669 2.1875700 2.7282386 0.0000000 3.8004283 3.0820427 3.5070454 4.0110866 1.0573661 2.7396731 4.0972563 0.5626402 3.0834279 2.0351561 2.4465597 2.0456336 2.1365699 4.3485371 0.9411994 1.9642145 0.9177965 1.9947103 0.4456179 4.6404053 1.9638172 4.3760070 2.6675303 2.5250135 0.5213445 1.9789854 1.9816901 2.3946969 2.5347625 1.7532284 2.5233631 2.0696436 2.4664389 2.3627522 2.3576472 2.3951242 3.2707726 0.5259441 4.3760070 2.0006377 1.8747158 2.0368661 2.3048677 2.5233631 1.9673294 1.9267718 2.2091874 2.3198250 2.0054996 2.3022842 2.4666861 4.3960774 1.9971057 0.5343218 2.1834182 2.2177327 1.9376455 0.5239121 3.0685626 3.0708228 3.0279717 4.4611232 1.9781339 0.6049849 2.0072736 2.9235734 3.3646122 4.2082438 0.3072710 4.6695843 1.9973496 2.4353929 4.3468115 2.3518129 2.4152252 1.9878176 3.2808846 2.6608798 2.3754936 0.5213445 2.4116730 3.3863350 3.3863350 2.9954244 3.1062370 2.9922659 3.5822699 3.3863350 2.6664087 3.3863350 3.3863350 2.6350737 1.0284327 2.1804716 1.0686555 4.0293161 2.0456026 0.9487154 
tr|H9GLZ8|H9GLZ8_ANOCA         4.4965051 3.8695691 4.2915015 4.0717858 3.6851930 3.7732356 3.8004283 0.0000000 3.1534759 4.6297206 1.0383817 3.4651174 3.3816682 0.8097879 3.4808422 3.3844929 3.7369050 3.5247406 3.2939656 3.8398688 5.5132848 3.2494483 3.5335753 3.4550658 3.8621930 3.1305796 0.8618028 3.5812255 0.7804777 3.4400247 3.5530958 3.4773982 3.6309468 3.9550280 3.6351855 3.4203562 3.4841264 3.3914446 3.6787839 3.7078079 3.6935769 3.5178761 4.0260598 3.1852376 3.4728557 0.7694080 3.8546169 3.0660370 3.6841564 6.0648672 3.6532627 3.9158032 3.8317559 3.2649326 3.7602444 3.7221546 3.6753018 3.5796695 0.7671010 3.9302582 3.4816145 3.3185855 3.6380757 3.6738660 3.7220343 3.8757888 3.5088531 3.3402658 0.8686764 4.0409005 3.4251616 3.9597891 4.5020498 5.5749562 4.4314936 3.3874522 0.8736817 4.0041553 3.6244826 0.7775208 3.7516662 3.7298685 3.9587579 3.1962198 3.6772119 3.4524481 3.4773982 3.5407786 3.6778261 3.6778261 3.9166679 3.6351004 3.8695238 1.8502217 3.6778261 3.3975496 3.6778261 3.6778261 3.3560775 3.1086864 3.8149546 3.6191779 1.0589874 3.7310291 3.1644282 
tr|R4GDA3|R4GDA3_ANOCA         3.7445231 3.3984158 3.5620554 3.2256442 2.1686102 2.7845420 3.0820427 3.1534759 0.0000000 3.7706299 3.3117791 2.7511641 2.7298723 3.1100522 2.9213310 1.4454292 2.1904535 2.4554345 2.1722906 2.2351933 4.4160874 2.8385721 2.5411199 2.8195867 2.1788074 3.0479263 3.1591684 2.6914114 3.2207646 2.1864814 2.0617649 2.9407832 2.4848461 2.2919465 2.6151899 2.2528041 2.1617912 2.2594702 2.4683468 2.5980904 2.6076571 2.0627860 2.5459417 1.5097300 2.9261419 3.2207646 2.2873129 2.2283269 2.1870952 4.9272487 2.2913289 2.2739462 2.2413281 2.4754589 2.1084631 2.4478331 2.2297986 2.5573447 3.1385176 2.2385851 2.9721773 2.4802984 2.1200837 2.2049809 3.1528229 2.4418366 1.5119014 1.4279492 3.2436482 2.2890436 2.9711524 2.2643688 2.9918754 3.5245335 3.3636786 3.2551027 3.1497624 2.2246941 2.6207319 3.2868906 2.3937842 2.6000011 2.2787558 1.5391758 2.4710522 2.0488135 2.9407832 2.0503550 3.5892466 3.5892466 3.1322463 2.9087456 2.8312021 3.2545180 3.5892466 3.1761498 3.5892466 3.5892466 3.1618243 2.8334901 2.5851398 2.5807001 3.4534775 2.3008659 3.2910026 
tr|Q23460|Q23460_CAEEL         3.4793317 3.6472886 4.9972123 3.7172012 3.9415992 3.8132737 3.5070454 4.6297206 3.7706299 0.0000000 4.7667893 3.9789725 4.1325436 4.1304925 3.5291043 3.9489979 3.8679434 3.7782899 3.6707892 3.9553011 5.6386244 3.6310188 3.7960746 3.6135546 4.1573543 3.4409969 5.1933073 3.6414845 4.0133172 3.9636008 3.8880465 3.2652693 3.7439038 4.0192183 3.6953314 3.5600549 3.4634977 3.5069859 3.8675788 3.7402249 3.5977042 3.7731682 4.7905168 4.0310041 3.3637781 4.0728308 3.9983438 3.1711637 3.8047218 6.7797731 3.8168667 3.9966661 3.1524010 3.6610660 3.7954848 4.2162152 3.8792712 3.9691701 4.0522089 3.9853703 3.2883241 3.7143840 3.7871325 4.0214055 3.6536531 5.0873197 3.8571424 3.9258399 4.1441146 4.3568888 3.6223453 3.9985578 4.3325859 4.5773959 4.8603314 4.0184591 4.6635956 3.9042513 3.7848969 4.0562473 4.5739481 3.7284540 4.0463938 4.0487230 3.9714180 3.8118687 3.2652693 3.8354075 4.8941892 4.8690614 4.7601557 5.1519364 4.7922042 4.9727725 4.8690614 5.6899562 4.8690614 4.8690614 5.8466769 3.3262595 3.8599035 3.9606412 5.5937929 4.4703556 3.1819306 
tr|A0A4W3K0Q7|A0A4W3K0Q7_CALMI 4.4619019 3.5905107 3.9617862 3.6724085 3.5270995 3.8124590 4.0110866 1.0383817 3.3117791 4.7667893 0.0000000 3.8689691 3.8979849 1.0297687 3.8536679 3.4022865 3.5502086 3.5735294 3.4403803 3.6752025 4.6931480 3.3162731 3.5929197 3.5620857 3.6491713 3.4976923 1.1001346 3.9440319 0.9773049 3.5846557 3.5744916 3.8871287 3.9823383 3.7046173 3.6747094 3.6023604 3.7971097 3.6230405 4.1804920 3.5948216 3.7327904 3.6610729 4.1698655 3.3910626 3.8815472 0.9825274 3.6254317 3.1947532 3.4532622 5.1301245 4.0497340 3.6777038 4.1532780 3.6995669 3.8860705 3.7981100 4.0672830 3.5190310 0.9919761 3.6803758 3.8803180 3.7487013 3.7491254 3.6919284 4.1120941 4.0440395 3.6015861 3.4013418 1.1790476 4.0694361 3.6848909 3.8237365 5.1700779 4.9767622 4.7279674 3.7773460 1.0905693 3.8229373 3.5997326 0.9851243 4.1342513 3.7092777 3.7145615 3.3851370 4.3984750 3.5132546 3.8871287 3.5525020 4.2522799 4.4391217 3.7436580 4.1823494 3.8935845 1.7658989 4.4573864 3.3822511 4.6347742 4.4279095 3.4232437 3.6621585 3.7862274 3.2438533 1.0608325 3.6797490 3.5240697 
tr|V9L332|V9L332_CALMI         3.6599021 2.6960925 2.9526873 3.1787139 1.7637262 2.5295651 1.0573661 3.4651174 2.7511641 3.9789725 3.8689691 0.0000000 2.4893425 3.4253857 0.7012479 2.6752042 1.6818507 2.2454460 1.9282633 1.7122787 3.9530842 0.9421357 1.8458633 0.7800108 1.7241542 0.7144501 4.3937747 1.6844509 3.5589480 2.2795422 2.2024445 0.7292050 1.6272207 1.7546379 1.9979262 2.1440339 1.6696996 2.1498557 1.7287299 2.1047204 2.0273195 2.1528128 2.3608225 2.8409072 0.7314214 3.5589480 1.7466304 1.5436683 1.8719306 2.3992835 2.1716923 1.7304672 1.8995281 2.2459677 2.2056084 1.8172021 2.2104725 2.0196454 3.5797893 1.7551206 0.7456199 2.2121692 2.1686020 1.6727999 0.8096698 3.0751594 2.8543042 2.8290523 3.8487483 1.9172671 0.7278112 1.7244326 2.8662806 3.2388904 3.6213826 0.6382693 3.7799192 1.7138510 2.2024748 3.5402377 2.2756004 2.0531852 1.7649092 2.8600566 2.1358598 2.1736151 0.7292050 2.2181357 3.4006162 3.4006162 3.0842358 3.1586653 3.0545748 3.9499887 3.4006162 2.4783702 3.4006162 3.4006162 2.4515105 1.0013813 1.8827970 0.9690475 3.7603654 1.8085605 1.1075418 
tr|A0A4W3GN99|A0A4W3GN99_CALMI 3.6227908 3.4055168 3.9279820 3.3789735 2.6866454 1.6838134 2.7396731 3.3816682 2.7298723 4.1325436 3.8979849 2.4893425 0.0000000 3.4997780 2.6207047 3.7589842 2.6810342 2.5841575 2.6788220 2.7049209 5.2003734 2.4222823 2.8600167 2.5560606 2.7748457 2.6419195 3.4223917 2.6934212 3.7948018 2.7849649 2.7178499 2.6075412 2.6861158 2.7883823 2.9693053 2.8530206 3.0065731 3.0204098 2.7058418 2.7595595 2.9555806 2.7078738 2.3025311 4.0845128 2.6075412 3.7948018 2.6881471 2.4630014 2.5188732 3.6821256 3.2037803 2.7361760 2.9235563 2.5290683 2.3973330 3.0087714 2.8863628 2.8961565 3.7015971 2.7701877 2.6555436 2.5362300 2.3292543 2.8457265 2.8601120 1.7874710 3.6315973 4.2042729 3.7936135 2.9489061 2.5924267 2.7603545 3.4040373 3.5069515 3.1225280 2.6054218 3.5711313 2.7839506 2.8527496 3.8682562 2.2558813 2.9807780 2.7739461 4.0885537 3.2508546 2.5626744 2.6075412 2.6506717 3.9279574 3.9279574 3.0168663 2.9536917 2.7888896 4.0016956 3.9279574 3.0715132 3.8302776 3.9279574 3.0984643 2.7440018 3.0831488 2.8375902 3.3131158 2.7265710 2.8987138 
tr|A0A8I3RTR4|A0A8I3RTR4_CANLF 4.0170336 3.5470431 3.9305745 3.3328456 3.5268018 3.5408574 4.0972563 0.8097879 3.1100522 4.1304925 1.0297687 3.4253857 3.4997780 0.0000000 3.6529842 3.2243601 3.6444036 3.5489669 3.2896086 3.8396640 4.8158619 3.2437976 3.5712922 3.6345824 3.6273365 3.3184100 0.9975204 3.4548785 0.2073222 3.8029858 3.7641258 3.6832619 3.4902558 3.8317749 3.4003169 3.7833604 3.6691058 3.6652181 3.6352440 3.4902330 3.4195789 3.7306160 3.9424787 3.0322733 3.6781730 0.2004546 3.7341946 2.6748498 3.8077352 6.9406360 4.0879171 3.7915018 4.1224167 3.3298060 3.8348387 3.5649937 4.2001494 3.5066322 0.2339402 3.8311064 3.6879137 3.3745471 3.6785490 3.4781426 3.9517683 3.8800285 3.2295587 2.9738463 0.5163001 4.6727834 3.6314551 3.8889117 4.0381353 4.5780984 4.2378413 3.6019853 0.6716548 3.8599443 3.4370328 0.2079092 3.6682295 3.4103210 3.8262738 3.0338809 4.3872892 3.6991962 3.6832619 3.7056386 3.5434443 3.6677501 4.2008030 3.7143198 4.1438332 1.7647895 3.7139924 3.3743857 3.7139924 3.6268760 3.4028702 3.2904530 3.6134399 3.2812937 1.0147406 3.3640020 3.2874220 
tr|A0A8I3P3P2|A0A8I3P3P2_CANLF 3.3650142 2.8826978 3.0831792 2.4018752 1.9810741 2.6079590 0.5626402 3.4808422 2.9213310 3.5291043 3.8536679 0.7012479 2.6207047 3.6529842 0.0000000 2.9373543 1.8909151 2.2525452 1.7676863 1.9515595 4.0889490 0.7944932 1.6525845 0.7353762 1.8496105 0.3249905 4.2525965 1.8755534 3.7775114 2.2143920 2.1716704 0.0508019 1.8631871 1.8821165 2.1633532 2.2043956 1.6874343 2.2279321 1.9761373 2.3263101 2.1486419 2.1078735 2.3576544 3.0950762 0.0508672 3.7775114 1.8803565 1.7959429 1.9551825 2.1541758 2.2279321 1.8645695 1.7222001 2.2203473 2.3482631 1.9627904 2.0320214 2.1824885 3.8002925 1.8961163 0.0555284 2.1859122 2.3066680 1.7912861 0.1338935 3.0521174 2.9539786 2.9395232 3.8094206 1.8443615 0.0941383 1.8795502 3.0577655 3.4119345 3.5812113 0.2121872 4.3010477 1.8597835 2.3030739 3.7526158 2.2593993 2.2029642 1.8716624 3.1166036 2.3202259 2.1677312 0.0508019 2.2094729 3.0823348 3.0823348 2.6509171 2.9207297 2.6647484 3.4491662 3.0823348 2.3581259 3.0823348 3.0823348 2.3993572 0.8483917 1.8489158 0.9049539 3.6647643 1.9655359 0.8084325 
tr|A0A8I3Q1H3|A0A8I3Q1H3_CANLF 4.0238878 3.7002093 4.3602579 3.8394271 2.7114521 3.3773292 3.0834279 3.3844929 1.4454292 3.9489979 3.4022865 2.6752042 3.7589842 3.2243601 2.9373543 0.0000000 2.7533444 2.7451698 2.6827981 2.8290536 4.3669862 2.8445915 2.7170469 2.8057709 2.7597894 2.6526612 3.4191020 2.4342437 3.3174860 2.4559875 2.4737196 2.8929860 2.4102178 2.7481285 2.4551567 2.5402700 2.2720887 2.4705806 2.4269214 2.3842989 2.4413452 2.5266592 3.2753289 0.2654146 2.8929860 3.3174860 2.7704852 2.0674682 2.4064870 4.6475350 2.5973979 2.7273244 2.4225221 3.0258953 2.5916665 2.4479577 2.4479245 2.4417835 3.3452659 2.7493003 2.8807193 3.0314546 2.5538676 2.5636770 2.9317119 3.0876109 0.4451855 0.4167550 3.1155390 2.4823311 2.9753298 2.8395059 3.8174224 4.6717275 4.5314197 2.8838726 3.1646470 2.7860656 2.4412795 3.3115438 3.1121942 2.4784145 2.7692108 0.2568365 2.8606649 2.4556664 2.8929860 2.4624516 4.2769448 4.2769448 3.7917042 2.9941769 3.7928598 3.2340966 4.2769448 3.3389812 4.2769448 4.2769448 3.4520780 2.9167343 2.8885068 2.6236444 3.4054488 3.0027045 2.8680179 
sp|Q75W64|AICDA_CANLF          4.4376172 3.5761208 3.5031986 3.9904865 0.1164722 2.5476760 2.0351561 3.7369050 2.1904535 3.8679434 3.5502086 1.6818507 2.6810342 3.6444036 1.8909151 2.7533444 0.0000000 1.7442420 1.5421139 0.0000010 3.4675862 1.8750611 0.5100344 1.7781662 0.1124577 1.9024578 3.9958892 1.4061477 3.8457621 1.3178953 1.3539264 1.9027124 1.3777972 0.0589359 1.4656517 1.3500888 1.2176315 1.3528831 1.3863157 1.5019174 1.4513693 1.3106931 1.7907785 2.5270381 1.9027124 3.8457621 0.0529524 1.3046367 0.0752354 0.0778130 1.4599841 0.0535941 1.2056179 1.7023074 1.2202703 1.5368563 1.2748221 1.4754950 3.8557482 0.0317707 1.8879915 1.6775721 1.1295800 0.0777224 2.0380825 2.4509070 2.4104418 2.5498579 4.0011966 1.5944710 1.9052826 0.0588939 3.5708591 3.8030007 4.4878208 1.7657057 3.6983579 0.0484221 1.4673919 3.8457621 1.7484498 1.4225262 0.0643939 2.5969332 1.6061382 1.3209063 1.9027124 1.2958669 3.4938795 3.4938795 2.5901458 2.9481569 2.6130746 3.4077566 3.4938795 2.4753356 3.4938795 3.4938795 2.4750308 2.2217716 0.6807172 1.7282253 3.8416756 0.3910018 1.9247600 
tr|A0A7R6SZJ1|A0A7R6SZJ1_CANLF 3.5930374 3.3686746 3.9362713 2.8730623 1.7197080 2.6031150 2.4465597 3.5247406 2.4554345 3.7782899 3.5735294 2.2454460 2.5841575 3.5489669 2.2525452 2.7451698 1.7442420 0.0000000 1.4714313 1.7442420 4.1028380 2.4993794 1.9541764 2.3838358 1.7562899 2.2777833 3.8097463 1.8510658 3.6819096 1.4805395 1.3869410 2.2474996 1.7930473 1.7329387 1.8461227 1.4404190 1.3485780 1.4756717 1.8040264 1.9263355 1.8257984 1.4116819 1.0613824 2.8175337 2.2474996 3.6819096 1.7329387 1.7314833 1.8471537 2.0240672 1.5806712 1.7329387 1.5841495 0.8761573 1.3649163 1.7785927 1.5610002 1.7480442 3.7060127 1.7735700 2.2882967 0.8822107 1.3149250 1.6941872 2.3034892 2.4420681 2.2620499 2.7299458 3.3993050 1.8447286 2.3387224 1.8400701 3.4380052 3.8610933 3.9339819 2.2788318 3.7117017 1.7212409 1.9839182 3.6819096 1.0232989 1.8053986 1.7232557 2.7879504 1.7392630 1.3755987 2.2474996 1.3885876 3.7313693 3.7313693 3.4304346 2.7337719 3.3267419 3.7189136 3.7313693 2.5924569 3.7313693 3.7313693 2.5919970 2.5718342 2.0241393 2.3390906 3.5117635 1.6440336 2.6612775 
tr|A0A8I3PIE8|A0A8I3PIE8_CANLF 3.7299578 3.5319089 3.7218215 3.2234459 1.6241105 2.0249780 2.0456336 3.2939656 2.1722906 3.6707892 3.4403803 1.9282633 2.6788220 3.2896086 1.7676863 2.6827981 1.5421139 1.4714313 0.0000000 1.5964512 3.7743654 2.1727743 1.5865454 2.1412839 1.6264992 1.9942747 4.0291771 1.7764394 3.3276153 1.1052494 1.0470620 1.7864075 1.6797248 1.5614489 1.7354948 1.0912003 0.9941578 1.0326805 1.7207631 1.6986159 1.7615372 0.9911693 1.6026631 2.8394316 1.8065721 3.3276153 1.5312538 1.6277953 1.6322261 2.6839037 1.0918671 1.5492644 1.0565747 1.5073935 1.0460711 1.7414322 1.0237571 1.7043152 3.3282450 1.5533204 1.8369682 1.4773268 0.9737724 1.5710673 2.0544487 2.5056226 2.3445618 2.4528372 3.3054019 1.9890877 1.8667792 1.5770606 2.7063754 3.2817412 3.4846376 1.9961951 3.6094759 1.5499223 1.7856255 3.3276153 1.6703429 1.7858906 1.5524098 2.8632134 1.0314394 1.0030183 1.7864075 1.0003348 3.4338398 3.4338398 2.8708751 3.0197274 2.5841295 3.5995733 3.4338398 3.2039070 3.4338398 3.4338398 3.2129906 2.2883682 1.6637830 2.0591277 3.5698446 1.8226018 2.2984423 
tr|A0A8I3Q6X2|A0A8I3Q6X2_CANLF 4.5237049 3.6566885 3.5682278 4.0751702 0.1216045 2.5633035 2.1365699 3.8398688 2.2351933 3.9553011 3.6752025 1.7122787 2.7049209 3.8396640 1.9515595 2.8290536 0.0000010 1.7442420 1.5964512 0.0000000 3.4675862 1.9214594 0.5448823 1.9178889 0.1124577 2.0012453 4.0172524 1.4061477 4.0447352 1.3748310 1.4095831 1.9633293 1.3777972 0.0589359 1.5278412 1.4105028 1.2176315 1.4136198 1.3863157 1.5668355 1.5100068 1.3664007 1.7907785 2.6067026 1.9633293 4.0447352 0.0529524 1.3901720 0.0752354 0.0778130 1.5191054 0.0535941 1.2056179 1.7023074 1.2477330 1.5368563 1.3302817 1.5329106 4.0555744 0.0317707 1.9485529 1.6775721 1.1295800 0.0777224 2.0750021 2.4509070 2.4428458 2.5737720 4.1801428 1.6560202 1.9655190 0.0588939 3.5708591 3.8030007 4.5354914 1.7657057 3.8741350 0.0484221 1.5314800 4.0447352 1.7484498 1.4805957 0.0643939 2.6774524 1.6827457 1.3800144 1.9633293 1.3518510 3.6497820 3.6497820 2.6123411 2.9749594 2.6353555 3.4077566 3.6497820 2.5473555 3.6497820 3.6497820 2.5502373 2.2539196 0.7139094 1.7801307 4.0693980 0.4110372 1.9811523 
tr|F6SPN1|F6SPN1_CIOIN         4.1450814 4.1124691 4.1724731 3.5878800 3.6530622 5.0773728 4.3485371 5.5132848 4.4160874 5.6386244 4.6931480 3.9530842 5.2003734 4.8158619 4.0889490 4.3669862 3.4675862 4.1028380 3.7743654 3.4675862 0.0000000 3.2202119 3.3673761 3.6897161 3.6522678 4.3405478 5.2910368 3.7602846 4.4882357 4.3286982 3.7132474 4.1427383 3.5098260 3.5169186 3.8237766 4.0570370 3.7933337 4.1333763 3.8037494 3.5092856 3.9082365 4.0279442 4.2906247 4.6911963 4.1427383 4.5200010 3.5373906 2.8747167 3.3326458 4.9583640 5.1865483 3.4882140 4.1456990 4.0158784 4.2426974 3.6858140 4.5820389 3.7958827 4.6797483 3.4092987 4.1020233 3.8089403 4.2852429 3.4626626 4.1076827 5.3980418 4.7482008 4.8058867 5.1562977 4.6396329 4.0092520 3.4876517 4.9547501 5.0018666 5.2576372 4.7051587 4.8345061 3.4361831 3.4813299 4.4925287 4.2392360 3.9371511 3.4968988 4.7962589 5.1719183 3.9065350 4.1427383 3.9728382 4.0196607 3.9664234 3.5789466 4.3525449 3.7771252 4.7152186 4.0575383 4.1584025 4.1516150 3.9211933 4.1272966 4.1400139 3.7441965 3.8351764 5.1470611 3.7208665 3.8549441 
tr|A0A2R8Q022|A0A2R8Q022_DANRE 3.4904507 2.5330737 3.0548247 2.9033677 1.8945452 2.7610319 0.9411994 3.2494483 2.8385721 3.6310188 3.3162731 0.9421357 2.4222823 3.2437976 0.7944932 2.8445915 1.8750611 2.4993794 2.1727743 1.9214594 3.2202119 0.0000000 1.8985401 0.6485380 1.8509427 0.7222760 3.7430592 1.9142362 3.2182931 2.4586319 2.3346123 0.7865837 1.9141578 1.8713508 2.3369507 2.4213369 1.8963673 2.5254080 2.0655417 2.5090971 2.3276846 2.3769918 2.1921466 2.8876490 0.7619535 3.2182931 1.8483930 2.1489462 1.9571423 2.0100115 2.5254080 1.8275804 2.0532266 2.0574194 2.3656044 2.0912977 2.4538249 2.4914949 3.2981621 1.8749484 0.7561282 2.0254266 2.3328834 1.7761928 0.8452296 3.0029695 2.8796122 2.7515242 3.6084207 1.8180340 0.8036603 1.8683850 3.3505996 3.7545311 3.8901714 0.6927295 3.7969355 1.7909387 2.4720808 3.2323413 2.1771594 2.3129674 1.8681533 2.8533491 2.7530454 2.3066497 0.7865837 2.3689428 3.0669362 3.0669362 2.6828264 2.8842865 2.6676912 3.4829836 3.0669362 2.3794317 3.0669362 3.0669362 2.3725319 0.7467099 1.9492082 0.7167347 3.4342526 2.0263007 0.8549758 
tr|B3DGZ0|B3DGZ0_DANRE         4.0951996 3.2909922 3.6683455 3.4772470 0.5176198 2.5006283 1.9642145 3.5335753 2.5411199 3.7960746 3.5929197 1.8458633 2.8600167 3.5712922 1.6525845 2.7170469 0.5100344 1.9541764 1.5865454 0.5448823 3.3673761 1.8985401 0.0000000 1.8597173 0.5941135 1.7493613 3.8827073 1.5625531 3.7296995 1.5286140 1.5136239 1.6543640 1.5271389 0.5655607 1.5976907 1.4534590 1.3737307 1.4706691 1.6145132 1.6443796 1.5887220 1.5228917 1.9841547 2.5601183 1.6543640 3.7296995 0.5525758 1.4725078 0.5913920 0.5262464 1.5738163 0.5515822 1.2785162 1.8874938 1.4637449 1.7319392 1.4170929 1.5814990 3.6693075 0.5205455 1.6416059 1.8656784 1.3942792 0.5413550 1.7725886 2.8803486 2.4097467 2.6035190 3.9889424 1.8410495 1.6100793 0.5022510 3.9986594 4.0069318 4.9095748 1.6791347 3.7176211 0.5087698 1.6311930 3.7296995 1.9328290 1.5985910 0.5572196 2.5251870 1.6151957 1.5166881 1.6543640 1.5188293 3.4442784 3.4442784 2.2700851 2.9593877 2.2641523 3.5831368 3.4442784 2.4136423 3.4442784 3.4442784 2.4296968 1.9665531 0.3276823 1.8462945 3.6512566 0.5937016 1.9579740 
tr|F8W3Q7|F8W3Q7_DANRE         3.7019918 2.6847163 3.3462190 2.8554317 1.8551311 2.4805340 0.9177965 3.4550658 2.8195867 3.6135546 3.5620857 0.7800108 2.5560606 3.6345824 0.7353762 2.8057709 1.7781662 2.3838358 2.1412839 1.9178889 3.6897161 0.6485380 1.8597173 0.0000000 1.7112750 0.7534884 4.3523743 1.8142439 3.5346701 2.3265407 2.2260704 0.7191834 1.7737141 1.7393306 2.2151610 2.2632611 1.7291157 2.3029774 1.8402380 2.2293571 2.1664255 2.2235254 2.3259734 2.8697774 0.6943101 3.5346701 1.7310135 1.8215049 1.7747645 1.8165206 2.3029774 1.7095075 1.8753410 2.1866027 2.1499641 1.9463073 2.1688218 2.2271205 3.5745989 1.7644603 0.6856947 2.1527959 2.1756475 1.6748399 0.7588054 2.8065168 2.7665925 2.7471817 3.7769320 1.8317555 0.7175892 1.7675863 2.9501927 3.1030467 3.9204700 0.6558057 4.1540684 1.7401273 2.1959464 3.5653148 2.2762898 2.2114178 1.7449569 2.8818553 2.3174577 2.2126008 0.7191834 2.2257490 3.0954267 3.0954267 2.8364610 2.6309344 2.7242311 3.7027033 3.0954267 2.2523531 3.0954267 3.0954267 2.2296962 0.7085776 2.0228350 0.4827737 3.7167717 1.8287335 0.9690620 
tr|E1BVI0|E1BVI0_CHICK         4.6866763 3.7304234 3.6673953 3.9556000 0.1291111 2.6061413 1.9947103 3.8621930 2.1788074 4.1573543 3.6491713 1.7241542 2.7748457 3.6273365 1.8496105 2.7597894 0.1124577 1.7562899 1.6264992 0.1124577 3.6522678 1.8509427 0.5941135 1.7112750 0.0000000 1.8244739 3.9970399 1.4335530 3.8323214 1.3797054 1.4048512 1.8602677 1.4332065 0.1203313 1.4523341 1.3742584 1.2378004 1.3388974 1.4536972 1.5164819 1.4382464 1.3107659 1.7588148 2.5557678 1.8602677 3.8323214 0.1133055 1.3075347 0.1304578 0.1199142 1.4514622 0.1147704 1.2267408 1.7204575 1.2553679 1.5601296 1.3017362 1.4708915 3.8422410 0.1256075 1.8458350 1.6954476 1.1640482 0.1257459 1.9640341 2.5671207 2.3894936 2.5623371 3.8771164 1.5598251 1.8519972 0.1384625 3.4614920 3.8260306 4.6682059 1.7627479 3.6686197 0.1513311 1.4733950 3.8323214 1.7124984 1.4244100 0.1144292 2.6127143 1.6042881 1.3709555 1.8602677 1.3454518 3.3249527 3.3249527 2.6309643 3.1482990 2.6825439 3.4142315 3.3249527 2.5018607 3.3249527 3.3249527 2.5015246 2.1896465 0.7992155 1.7099844 3.9379721 0.4176061 1.9615629 
tr|A0A8V1A4V2|A0A8V1A4V2_CHICK 3.2833938 2.7301219 2.8690701 2.6249512 1.9884350 2.5554837 0.4456179 3.1305796 3.0479263 3.4409969 3.4976923 0.7144501 2.6419195 3.3184100 0.3249905 2.6526612 1.9024578 2.2777833 1.9942747 2.0012453 4.3405478 0.7222760 1.7493613 0.7534884 1.8244739 0.0000000 3.8636113 1.9803932 3.5076781 2.3776508 2.2210188 0.3008977 1.9331175 1.8732589 2.2321249 2.1957884 1.7228905 2.2644943 2.0213405 2.3520311 2.2426002 2.1398074 2.3007089 2.9247826 0.3038453 3.5076781 1.8714654 1.8368255 1.9048451 2.0795694 2.2644943 1.8554472 1.7992192 2.1574825 2.2381559 2.0422907 2.1165154 2.2130705 3.5281019 1.8873172 0.3042904 2.1240492 2.2327521 1.8021832 0.3421957 2.8846405 2.7738760 2.8037534 3.4744702 1.9617596 0.3557527 1.8607081 2.8658605 3.2539563 3.7680692 0.2410070 3.8548505 1.8511673 2.3881585 3.4847300 2.2208811 2.2547912 1.8731843 2.9373400 2.3031363 2.1814142 0.3008977 2.2237376 2.9837533 2.9837533 2.8784732 2.8153048 2.9265655 3.5560483 2.9837533 2.3555435 2.9837533 2.9837533 2.3301845 0.8230773 1.8629905 0.8777545 3.4715279 2.0085638 0.6948692 
tr|A0A8V0YIF0|A0A8V0YIF0_CHICK 4.8283751 4.2189104 4.8231817 4.4493731 3.8548841 3.6717893 4.6404053 0.8618028 3.1591684 5.1933073 1.1001346 4.3937747 3.4223917 0.9975204 4.2525965 3.4191020 3.9958892 3.8097463 4.0291771 4.0172524 5.2910368 3.7430592 3.8827073 4.3523743 3.9970399 3.8636113 0.0000000 4.0597749 0.9971747 3.7028339 3.7361827 4.2136927 4.0275327 4.2635845 3.9727341 3.8564846 4.1359390 3.9329340 4.2310885 4.1437257 3.9970444 4.0226139 4.3799471 3.6124753 4.2074035 0.9981591 4.1514516 3.3025642 3.7900593 5.7288732 4.3778493 4.2255960 4.4272353 3.7266416 4.3503550 4.0958305 4.5455386 3.9050864 0.9813456 4.2107001 4.2192826 3.7297659 4.2257233 3.8797020 4.2719904 4.1799886 3.5511255 3.3297837 1.0727951 4.5055529 4.1238558 4.2681230 6.1216297 6.0067658 4.4579510 3.9328222 0.9313362 4.2944620 4.1984915 1.0119423 4.1201872 4.0386418 4.2675429 3.6263739 4.6610034 3.8229608 4.2136927 3.8969736 3.7777506 3.7777506 3.6211320 4.0722685 3.7064585 1.8567130 3.8182013 3.6322041 3.8182013 3.7777506 3.5423721 3.8699902 4.0943216 4.0614474 1.1627771 3.9370377 3.5339526 
tr|G3RUE8|G3RUE8_GORGO         3.4313588 3.3256653 4.3109119 3.0568308 1.4232435 3.0035029 1.9638172 3.5812255 2.6914114 3.6414845 3.9440319 1.6844509 2.6934212 3.4548785 1.8755534 2.4342437 1.4061477 1.8510658 1.7764394 1.4061477 3.7602846 1.9142362 1.5625531 1.8142439 1.4335530 1.9803932 4.0597749 0.0000000 3.9886030 1.7918085 1.6619090 1.8689882 0.1045461 1.4347471 0.2485516 1.7203837 1.6461161 1.7199883 0.1449607 0.1664895 0.2556608 1.6217376 1.8648187 2.4058423 1.8689882 3.9886030 1.4108698 0.0314572 1.4273170 1.8566231 1.7199883 1.3951306 1.5482364 1.8170924 1.6259602 0.3024383 1.5260673 0.3171448 3.9461338 1.4487369 1.8547924 1.8020411 1.6248313 1.3761812 2.1218991 2.7319077 2.3200868 2.1676264 3.9868320 1.1613476 1.9386582 1.3912668 3.4647322 3.8861140 4.6532457 1.9266632 4.4115941 1.4144514 0.2473546 3.9886030 1.8292742 0.2642123 1.4439839 2.4349779 1.5051373 1.6848122 1.8689882 1.6562079 3.0872830 3.0872830 3.4764390 3.1888476 3.5930707 3.9147399 3.0872830 3.0807566 3.0872830 3.0872830 3.0304233 2.0277302 1.7909373 1.7368547 3.7434620 1.5534095 1.9173041 
tr|A0A2I2YXM1|A0A2I2YXM1_GORGO 3.8394069 3.3838452 3.9992938 3.4853977 3.7406635 3.5125960 4.3760070 0.7804777 3.2207646 4.0133172 0.9773049 3.5589480 3.7948018 0.2073222 3.7775114 3.3174860 3.8457621 3.6819096 3.3276153 4.0447352 4.4882357 3.2182931 3.7296995 3.5346701 3.8323214 3.5076781 0.9971747 3.9886030 0.0000000 3.9168873 3.8724163 3.8406234 3.9769847 4.0142923 3.7440494 3.9181752 3.7792850 3.8426523 4.1232133 4.0092271 3.6611602 3.7620163 3.9854463 3.2116630 3.8351706 0.0106755 3.9112118 3.1388889 3.9125535 6.5466319 4.3084698 3.9750821 4.2646769 3.2181025 3.9684125 4.0153127 4.2233959 3.7521847 0.0586535 4.0135988 3.8455591 3.2599324 3.8033261 3.7180315 4.0908836 3.8630475 3.3166226 3.1853684 0.5231665 4.4497795 3.8076921 4.1053634 3.9985811 4.7012534 4.1426220 3.7533589 0.6296311 4.0405203 3.8748458 0.0106807 3.6920452 3.6509947 4.0085664 3.2129562 4.5568148 3.8075792 3.8406234 3.7482718 3.6312627 3.6917667 4.1238401 3.3914364 4.1118598 1.7632510 3.7565624 3.2870239 3.7565624 3.6581131 3.1256886 3.2935416 3.6893895 3.3535085 0.9951094 3.5692200 3.4682254 
tr|G3S1L9|G3S1L9_GORGO         4.1772066 4.7679417 4.5130961 3.6344947 1.2950320 2.5773263 2.6675303 3.4400247 2.1864814 3.9636008 3.5846557 2.2795422 2.7849649 3.8029858 2.2143920 2.4559875 1.3178953 1.4805395 1.1052494 1.3748310 4.3286982 2.4586319 1.5286140 2.3265407 1.3797054 2.3776508 3.7028339 1.7918085 3.9168873 0.0000000 0.0249914 2.2080951 1.6785521 1.3293682 0.9796550 0.8205358 0.6690126 0.8143630 1.6810989 1.2896412 0.9990576 0.0692846 1.7190808 2.4479409 2.2167909 3.9168873 1.3025252 1.3460146 1.2840975 1.5482006 0.8143630 1.3000371 0.7577356 1.8222436 0.3305246 1.6879085 0.7486309 1.1474500 4.0311990 1.3188135 2.1693184 1.6526776 0.3227013 1.2692908 2.4805583 2.3351762 2.2255325 2.4066441 3.8788859 1.6748179 2.1849473 1.3228742 3.4535391 4.1204071 4.4201426 2.1417147 3.9916063 1.2753318 1.3743729 3.9168873 1.7059348 1.0231712 1.3361789 2.4486360 0.8201265 0.0624408 2.2080951 0.0662847 3.7647813 3.7647813 2.9602162 3.1310447 2.8847785 3.7253263 3.7647813 2.6861019 3.7647813 3.7647813 2.7195887 2.2937699 1.7783636 2.2046793 3.7581733 1.4439983 2.5073754 
sp|Q694C1|ABC3G_GORGO          3.9808483 4.4503888 4.3531500 3.4438604 1.3246895 2.4655836 2.5250135 3.5530958 2.0617649 3.8880465 3.5744916 2.2024445 2.7178499 3.7641258 2.1716704 2.4737196 1.3539264 1.3869410 1.0470620 1.4095831 3.7132474 2.3346123 1.5136239 2.2260704 1.4048512 2.2210188 3.7361827 1.6619090 3.8724163 0.0249914 0.0000000 2.1656759 1.5316446 1.3653271 0.9412888 0.7199079 0.5372844 0.7162503 1.5679882 1.2340453 0.9599977 0.0544532 1.7458762 2.5656482 2.1740767 3.8724163 1.3388516 1.2342339 1.3499921 1.8216084 0.7438966 1.3366565 0.6771916 1.7218969 0.2961342 1.5269401 0.7013639 1.1003428 4.0075231 1.3549331 2.1281552 1.5596585 0.2886752 1.3063309 2.4404837 2.4017832 2.3942310 2.4844514 3.8320143 1.6548543 2.1431077 1.3717305 2.9441294 4.0750007 4.2733473 2.1971666 3.9434490 1.2895688 1.3217146 3.8724163 1.7189706 0.9830806 1.3720023 2.5662232 0.7415892 0.0433006 2.1656759 0.0460409 3.6491719 3.6491719 3.0555837 2.9695632 2.9581037 3.6812014 3.6491719 2.6696944 3.6491719 3.6491719 2.7018821 2.2641019 1.7148557 2.1033616 3.7854802 1.4320760 2.4465164 
tr|G3SGN8|G3SGN8_GORGO         3.2733188 2.7471768 3.0939151 2.4522909 1.9562804 2.6347444 0.5213445 3.4773982 2.9407832 3.2652693 3.8871287 0.7292050 2.6075412 3.6832619 0.0508019 2.8929860 1.9027124 2.2474996 1.7864075 1.9633293 4.1427383 0.7865837 1.6543640 0.7191834 1.8602677 0.3008977 4.2136927 1.8689882 3.8406234 2.2080951 2.1656759 0.0000000 1.8560069 1.8928074 2.1758405 2.2202527 1.6664714 2.2264947 1.9684942 2.3555821 2.1784361 2.1022562 2.3305110 3.0114975 0.0044967 3.8406234 1.8910647 1.8055388 1.9694939 2.1159262 2.2264947 1.8753468 1.7173000 2.1722623 2.3641111 1.9470981 2.0638627 2.2105685 3.8639116 1.9069214 0.0135468 2.1385016 2.2883253 1.7996877 0.1181635 2.9877763 2.8706306 2.8718847 3.7646348 1.8514554 0.0992544 1.8869499 2.9509221 3.3609334 3.5443179 0.1770432 4.3483854 1.8670910 2.3536091 3.8153394 2.2327709 2.2157330 1.8823325 3.0435455 2.3435648 2.1617667 0.0000010 2.2032886 3.0904538 3.0904538 2.7564698 2.9947740 2.7729625 3.5593036 3.0904538 2.4296131 3.0904538 3.0904538 2.4721901 0.8501142 1.8591550 0.8895773 3.6879475 1.9763967 0.7861761 
sp|Q694B5|ABC3C_GORGO          3.5298549 3.4020002 4.3338687 3.2749713 1.4339744 3.0350508 1.9789854 3.6309468 2.4848461 3.7439038 3.9823383 1.6272207 2.6861158 3.4902558 1.8631871 2.4102178 1.3777972 1.7930473 1.6797248 1.3777972 3.5098260 1.9141578 1.5271389 1.7737141 1.4332065 1.9331175 4.0275327 0.1045461 3.9769847 1.6785521 1.5316446 1.8560069 0.0000000 1.4055145 0.1864596 1.5804492 1.5098826 1.6162853 0.0745665 0.2654844 0.2074745 1.5295765 1.8104937 2.4172394 1.8560069 3.9769847 1.3822649 0.1484413 1.3402143 1.8566231 1.6162853 1.3669322 1.4525438 1.7117080 1.5335484 0.2290511 1.4487303 0.2947349 3.9159567 1.4191271 1.8420037 1.7325075 1.5225746 1.3483824 2.0771712 2.7565147 2.1758395 2.0846638 3.8177799 1.1069037 1.9245683 1.3632951 3.3371395 3.4189337 4.2177323 1.8774884 4.3240425 1.3858244 0.3031659 3.9769847 1.7970910 0.2153927 1.4145362 2.4461548 1.4814890 1.5526243 1.8560069 1.5677014 3.1956587 3.1956587 3.0201358 3.1397967 3.2040444 3.9268182 3.1956587 3.0700892 3.1956587 3.1956587 3.0199479 1.9675771 1.7440173 1.6270150 3.6575309 1.5716739 1.9162794 
tr|A0A2I2ZXS4|A0A2I2ZXS4_GORGO 4.4401191 3.6650578 3.6634722 3.8914359 0.1669828 2.6580306 1.9816901 3.9550280 2.2919465 4.0192183 3.7046173 1.7546379 2.7883823 3.8317749 1.8821165 2.7481285 0.0589359 1.7329387 1.5614489 0.0589359 3.5169186 1.8713508 0.5655607 1.7393306 0.1203313 1.8732589 4.2635845 1.4347471 4.0142923 1.3293682 1.3653271 1.8928074 1.4055145 0.0000000 1.5193977 1.3563228 1.1987109 1.3211547 1.4144275 1.5578386 1.5045046 1.2807752 1.7268668 2.5215224 1.8928074 4.0142923 0.0052196 1.2841741 0.0146014 0.0000010 1.4277005 0.0000010 1.1865273 1.6952706 1.2193323 1.5215445 1.2791180 1.5468587 4.0255195 0.0257775 1.8782822 1.6705501 1.1273455 0.0839660 2.0272553 2.5862357 2.4583975 2.5382578 4.2679662 1.6095808 1.8963627 0.0870917 3.5113643 3.7405667 4.5948359 1.7141621 3.9476424 0.0693075 1.5221083 4.0142923 1.6861873 1.4747537 0.0051247 2.5915090 1.6111864 1.3237087 1.8928074 1.2987024 3.4552521 3.4552521 2.5567039 2.9329179 2.5870637 3.4033867 3.4552521 2.3751215 3.4552521 3.4552521 2.3749412 2.1956367 0.7285796 1.7191770 4.1575019 0.3931304 1.9196402 
tr|G3RD21|G3RD21_GORGO         3.6542515 3.8798427 4.4832095 3.2464110 1.4832419 3.0841620 2.3946969 3.6351855 2.6151899 3.6953314 3.6747094 1.9979262 2.9693053 3.4003169 2.1633532 2.4551567 1.4656517 1.8461227 1.7354948 1.5278412 3.8237766 2.3369507 1.5976907 2.2151610 1.4523341 2.2321249 3.9727341 0.2485516 3.7440494 0.9796550 0.9412888 2.1758405 0.1864596 1.5193977 0.0000000 0.7316677 1.4477570 0.6990423 0.2916211 0.2600719 0.0478801 0.9432343 1.9233945 2.3944836 2.1842898 3.7440494 1.4909141 0.3018431 1.4819627 2.2349195 0.6990423 1.4896595 1.4334167 1.7512371 1.1432577 0.3723656 0.7057795 0.2460984 3.6713886 1.4959436 2.1398371 1.7733379 1.1113359 1.4180830 2.3367614 2.8201329 2.2056704 2.1052747 3.6701034 1.1769239 2.2233045 1.4577439 3.4733353 3.7746536 4.5658308 1.9816095 3.9612094 1.4625955 0.3198276 3.7440494 1.9096884 0.0478750 1.5288289 2.4221470 0.6138476 0.9756542 2.1758405 0.9852831 3.4739224 3.4739224 2.9746996 3.1306962 3.2088087 3.7397019 3.4739224 3.2323964 3.4739224 3.4739224 3.2214211 2.3865316 1.8276736 2.0159585 3.7851613 1.6689261 2.3773195 
tr|G3QV16|G3QV16_GORGO         4.6864088 4.8319729 4.6419901 3.5593656 1.3914638 2.6166849 2.5347625 3.4203562 2.2528041 3.5600549 3.6023604 2.1440339 2.8530206 3.7833604 2.2043956 2.5402700 1.3500888 1.4404190 1.0912003 1.4105028 4.0570370 2.4213369 1.4534590 2.2632611 1.3742584 2.1957884 3.8564846 1.7203837 3.9181752 0.8205358 0.7199079 2.2202527 1.5804492 1.3563228 0.7316677 0.0000000 0.1621879 0.0791013 1.5910079 0.7210599 0.7119567 0.7468733 1.7853406 2.7620496 2.2288749 3.9181752 1.3301260 0.8590578 1.3235326 1.9366739 0.0916002 1.3278935 0.3124422 1.6598021 0.8672433 1.6776645 0.2257522 0.6537687 3.9351171 1.3425969 2.1904150 1.5168448 0.8568064 1.3492624 2.4959562 2.3237441 2.5322214 2.6650295 3.7418061 1.7349187 2.2645143 1.3446391 3.7632222 4.5179506 5.0839384 2.1007841 3.5950478 1.2589679 0.8121877 3.9181752 1.7297795 0.7359897 1.3512940 2.7233898 0.1038361 0.7346373 2.2202527 0.7392915 3.8563765 3.8563765 2.9611636 3.1042421 2.9979987 3.5759079 3.8563765 2.6570112 3.8563765 3.8563765 2.6907097 2.3372856 1.6266218 2.2561219 3.6963038 1.5578318 2.2923974 
