144
tr|A0A1X7T035|A0A1X7T035_AMPQE 0.0000000 2.7952521 2.3527109 0.0332854 2.0960348 3.0231139 2.4889465 3.2300523 2.8871306 2.9414827 3.1722314 2.7168127 1.4293911 2.9564600 2.5923421 2.0454292 2.8120333 3.0815091 4.6468221 3.6436829 2.2326234 1.6966759 2.9055257 2.5175297 3.1138951 2.3465520 3.2991936 4.0825941 2.1037044 2.9880824 2.3056433 2.9256519 3.0801056 1.4125880 3.3008173 2.3536612 2.5820457 3.1082281 2.3070111 2.3260523 2.2336680 3.4220604 2.9240806 3.0114790 2.5639232 3.1196005 2.5152672 2.3169187 2.8311349 3.4593287 2.4940835 3.4711248 3.0422597 2.4710709 3.3735966 2.1638962 2.9701931 2.2788302 3.1708768 3.3926029 3.0685411 2.4733161 2.1613785 2.2766025 2.2146906 2.1743642 3.6920787 5.1248655 2.3166534 2.4582161 3.2167143 2.9065631 2.4785700 3.1545460 3.2150627 3.3806348 3.1513292 2.1709505 2.4365515 2.2987214 3.1458888 2.4861288 2.2791909 3.5691792 3.0902895 3.0596591 2.4734390 2.9949991 2.0986847 2.4715724 3.0321593 3.1142781 2.4371247 1.3893904 2.5048380 2.2156700 1.5033575 3.1638877 2.2445250 2.6596398 3.2293598 2.1768596 1.0567579 2.8010939 3.2011007 2.4693768 2.1608814 2.4313550 3.0422597 3.4783843 1.0929572 1.9926019 1.7560269 3.2578652 3.2507978 2.2620348 3.5436755 3.3732484 2.3037267 1.9840126 2.4613666 4.3547041 2.9235588 3.2387456 2.9985007 2.4093319 3.2480753 2.2707650 3.1029625 2.5088060 2.3361773 4.1038436 5.0377422 3.3291614 2.7679480 2.8207083 3.9243794 1.7641683 2.6983616 3.0121750 2.2381540 2.5170959 3.4702836 3.2525325 
tr|A0A1X7TWZ2|A0A1X7TWZ2_AMPQE 2.7952521 0.0000000 2.3627857 2.8195723 2.2772202 3.7599370 2.5366410 4.0077915 1.6331090 2.1273022 4.0208212 2.2748288 2.2273478 1.7531162 3.3707105 2.3188822 2.9630439 3.3975982 3.6777209 3.1984744 2.2173506 2.7098546 1.8773996 2.5414462 3.7558006 2.4049288 3.7674995 1.8799662 2.1983830 3.8018939 2.6211820 2.5381414 1.5630679 2.4944126 1.6776496 2.7364215 2.8500376 3.5097433 2.4113755 2.3865881 2.3320503 1.7973121 3.5104534 2.3900536 2.2339854 1.7776586 2.5793338 2.3559251 3.5497328 1.8355063 2.3507785 1.8175330 1.7681280 2.3846866 3.7571490 2.3507750 3.8100341 2.7406515 3.8492531 3.7240788 1.7735663 2.3848952 2.3507750 2.7077615 2.3507750 2.7394263 2.8450802 3.0771918 4.6759000 2.3848952 1.5148259 1.4407069 2.3848952 1.8174737 2.2789602 3.9023844 1.8004029 2.3507750 2.3846866 2.7244825 3.8554297 2.4411591 2.5323703 3.8026010 1.8372970 3.6587886 1.6158876 3.7979438 2.3366165 2.3806913 3.9320640 1.7564364 2.6038990 2.6886744 1.3423986 2.4505273 2.2577653 3.6277236 2.5432036 3.8728420 1.7856551 2.3096522 2.5384154 2.4841209 3.8505322 2.3857203 2.3507750 3.3389844 1.7641115 3.8100341 2.0761861 6.0222992 2.7951010 2.1869822 1.9549436 2.3844067 3.1006688 2.2712008 3.4044825 2.6335868 2.0916236 2.8537706 2.9672894 3.7907693 3.3338713 2.5252154 3.7942041 2.3219374 1.9457477 2.5588733 2.4381498 2.6658098 3.1191035 2.0837932 2.6904834 1.8622139 3.3282320 2.6480917 2.5915969 3.5663001 2.3462192 2.5646308 4.6762582 1.6300422 
tr|A0A1X7UI03|A0A1X7UI03_AMPQE 2.3527109 2.3627857 0.0000000 2.3526553 1.4485779 2.6341663 1.7271155 2.9241401 2.5991018 2.1654123 3.2002748 2.3514874 1.1542411 2.5562854 1.9455481 1.5856638 2.2283875 2.7033964 3.5057288 2.5020182 1.4724858 2.0128946 2.3436128 1.7169071 2.8449210 2.0086563 2.8266202 2.8032117 1.3395257 2.5413865 1.6162512 2.4872871 2.0275792 1.6726647 2.5623384 1.8333481 1.9322990 2.8197366 1.5844089 2.0750688 1.4931840 2.5058204 2.7133135 2.6122574 1.6395855 2.4293605 1.7179682 1.6246187 2.7125155 2.5919618 2.0242178 2.6318423 2.2363682 2.0075488 2.7526501 1.4644993 2.6649462 1.6740277 2.6592550 2.9012317 2.2511928 2.0137919 1.4614221 1.6774279 1.4614221 1.9245285 2.5518160 5.4245486 2.1802891 2.0081782 2.0964750 1.9068716 2.0137919 2.7458600 2.3330298 2.9158118 2.2891535 1.4620836 2.0071458 1.6876090 2.6302111 2.0878953 1.7130957 2.9294912 2.3713681 2.6506799 2.1418704 2.6031121 1.4630225 2.0138172 2.4137185 2.2735791 1.7103213 1.6093155 1.9071638 1.4808855 1.5098690 2.7393773 1.6468401 2.3278710 2.5808220 1.4469582 1.1070857 2.8283045 2.6855641 2.0143095 1.4602281 1.9033958 2.2363682 2.9734224 0.9039783 2.8573196 1.3772357 1.8887033 2.4977163 1.4789512 3.3706702 2.8174390 2.7228151 1.9978963 1.6091871 3.5960844 2.1999508 2.8438177 3.0278867 1.9874014 2.8463173 1.4763866 2.2058485 1.8113830 1.5025025 3.6460369 3.7284102 2.5493880 2.3199161 2.1712838 3.2747694 1.7464057 1.7496618 2.5651000 1.4062161 1.9063857 3.0049080 2.3428651 
tr|A0A1X7VVX9|A0A1X7VVX9_AMPQE 0.0332854 2.8195723 2.3526553 0.0000000 2.1156672 3.0229821 2.4946349 3.2202069 2.8796453 2.8934140 3.1399358 2.7375350 1.4343486 2.9496123 2.6213054 2.1143660 2.8168996 3.1046308 4.6839670 3.7552498 2.2522203 1.6966759 2.8989635 2.5349740 3.1544486 2.3196264 3.3662825 4.1034478 2.1377812 2.9632498 2.3077115 2.9255102 3.0997548 1.4555892 3.3224101 2.3525597 2.6190036 3.1025488 2.3084093 2.2784549 2.2559116 3.4119943 2.9101404 3.0023548 2.5669438 3.1108934 2.5267314 2.3474090 2.7975087 3.4492717 2.4703781 3.4609349 3.0349364 2.4388264 3.3815842 2.1907361 2.9902891 2.2907093 3.1440558 3.4491275 3.0610506 2.4410413 2.1902126 2.2884742 2.2441388 2.1613978 3.7258701 5.1884448 2.3135844 2.4256221 3.2193540 2.9102956 2.4462441 3.1654146 3.2291930 3.4366706 3.1433771 2.1999397 2.4049880 2.3056611 3.1193043 2.4551676 2.2608347 3.6000517 3.0826181 3.0382621 2.5345573 2.9700071 2.1271355 2.4507790 3.0394235 3.1065175 2.4661741 1.3715705 2.5062010 2.2595189 1.4884832 3.1397259 2.2791888 2.6561332 3.2753069 2.1989051 1.0394623 2.8484323 3.1732683 2.4371832 2.1897109 2.4467435 3.0349364 3.5358808 1.0932863 1.8721651 1.7557691 3.3746636 3.2297403 2.2696293 3.5799915 3.3468896 2.2626712 1.9849126 2.4365993 4.3406191 2.9761589 3.2660748 2.9691213 2.3691320 3.2754943 2.2928854 3.0899428 2.5323680 2.3564112 4.1370028 4.9912786 3.3135945 2.7805772 2.8144324 3.9766625 1.7361940 2.7108519 2.9772943 2.2684440 2.4922371 3.4466676 3.2438404 
tr|G1KJC4|G1KJC4_ANOCA         2.0960348 2.2772202 1.4485779 2.1156672 0.0000000 2.4477968 0.6783939 2.8251854 2.4502063 2.4662159 2.8214017 2.0994963 0.3837350 2.2309999 2.0704296 0.5380626 2.0200146 2.3317567 2.9174581 2.3932859 0.2547240 2.0098099 2.2954136 0.6642666 2.6639390 1.9901895 2.6371814 2.7314045 0.2173815 2.4252817 0.6629455 2.4674810 2.2259301 1.3553721 2.9345655 1.1979748 0.8480164 2.6690068 0.3102532 2.1500921 0.2101190 2.5138973 2.4962579 2.8263852 1.0695491 2.2633194 0.6576239 0.1847448 2.4794879 2.4097863 1.9784525 2.4070958 2.2513980 2.0191547 2.4879588 0.1985544 2.4099512 0.6867821 2.5233745 2.6137512 2.2696220 2.0332411 0.1967179 0.6895141 0.1967179 0.9726911 2.5854182 4.8672146 0.8389270 2.0305052 2.0392120 2.0602978 2.0332411 2.3296356 1.9758621 2.5310657 2.2889909 0.2002770 2.0345403 0.6962003 2.5007011 2.0105515 0.6364057 2.6966196 2.3531850 2.4268789 1.7897811 2.4256046 0.2161932 2.0360081 2.5252937 2.2910541 0.6887179 1.5285965 1.9274804 0.9871080 1.5004781 2.5224448 0.6287991 2.3757767 2.4611044 0.1199360 1.1922416 2.2308459 2.5343499 2.0252066 0.1966661 0.7014892 2.2513980 2.6337859 0.7543185 1.9037355 0.5268600 0.3821420 2.5717276 0.4473662 2.7270739 2.3349803 2.5907418 1.8887026 0.7557661 3.1538043 1.3851609 2.5440284 2.5520411 2.1316932 2.5343489 0.2143651 2.4427736 0.8333554 0.2611950 3.1244505 3.4746528 2.3905615 2.2957447 2.1212216 3.1127441 1.7657920 0.7117178 2.6186028 0.1728428 2.0082804 2.6999059 2.4482376 
tr|G1KLP7|G1KLP7_ANOCA         3.0231139 3.7599370 2.6341663 3.0229821 2.4477968 0.0000000 2.7407964 1.7283900 3.3118534 2.7151667 3.8437079 2.8351985 2.2550391 3.3491399 2.0356229 2.6242057 3.0076708 2.6549834 3.0180017 1.7570143 2.3603586 2.8637771 3.3719556 2.5479400 0.7613397 2.6836834 2.1662530 3.8208696 2.5205056 0.3220624 2.6528452 3.1209822 2.6056605 1.9736531 3.1733875 3.1373636 2.6868866 2.1268775 2.4703521 2.7223863 2.4395404 3.6707728 1.0104883 3.4480102 2.8749963 3.4878969 2.6821962 2.8065975 0.7350917 3.1377780 2.6267191 3.1804196 3.1906891 2.7765985 0.3643420 2.5137011 2.1389282 2.5813400 0.3552285 2.2075122 3.2208430 2.7630899 2.5079604 2.5406671 2.5090956 2.1145680 2.4476850 5.9320432 2.4314652 2.7754447 3.1559021 2.5229867 2.7564597 3.3713580 3.2015808 2.2314984 3.1814416 2.5181640 2.7750848 2.5757811 0.3451023 2.7394938 2.5650656 2.0269689 3.0390824 0.3189085 2.5465076 0.3309496 2.5518986 2.7042119 1.9046308 3.2240022 2.7043123 2.3967707 2.6404937 2.6626144 2.1218203 0.4347523 2.6362200 1.6285232 3.3624383 2.4022604 2.5544243 2.7932497 0.3569064 2.7643654 2.5117606 2.6693085 3.1906891 2.2583499 2.6113212 1.8331206 2.1946461 3.4225933 3.7653193 2.4987670 3.6137000 3.4793337 1.8421033 2.3458631 2.6135506 3.4400376 3.2689833 1.1747296 2.0957974 2.8194396 1.1773296 2.3488465 3.5162590 2.6227963 2.4692075 4.0284075 4.5989928 3.1342890 2.9342609 3.0957569 3.7619154 2.4903580 2.7042430 2.1380533 2.4697691 2.6694580 0.8405656 3.0172419 
tr|G1KWA6|G1KWA6_ANOCA         2.4889465 2.5366410 1.7271155 2.4946349 0.6783939 2.7407964 0.0000000 2.8561356 2.7797642 2.4646845 3.0346161 2.2332651 0.7250186 2.9507469 2.1645503 0.9305712 2.3437256 2.3973776 3.1809755 2.6381629 0.7436452 2.2002671 2.6776885 0.4557144 2.9004853 2.1752447 2.7804983 3.2579906 0.7722701 2.7604460 0.3083874 2.5352965 2.7413796 1.3187473 3.0486359 1.5354366 0.5240632 2.7300374 0.8221459 2.5267517 0.7326104 3.1738547 2.8234209 3.3691748 1.3670879 2.7076989 0.1239926 0.8859288 2.7680439 2.7618820 2.2858776 2.7621610 2.8561609 2.3492791 2.9112547 0.7659065 2.7452808 0.3204132 2.8576578 2.8625117 2.8812355 2.3543570 0.7625624 0.3158956 0.8379170 0.4907575 3.0699303 4.8703597 0.3382543 2.3543305 2.7484125 3.0228452 2.4372657 2.7216217 2.3564585 2.8324461 2.9001780 0.7754055 2.3387084 0.3123706 2.8359605 2.4454359 0.1769637 2.9583515 3.0071980 2.8563073 2.0324232 2.8801795 0.7920016 2.3895028 2.6242611 2.8421524 0.2659287 1.6197288 2.2308901 1.3017308 1.7520939 2.8860437 0.2145894 2.4619636 3.0967866 0.7866620 1.4931031 2.4981120 2.8692190 2.3465098 0.7656469 0.3523145 2.8561609 2.9141764 0.9542065 2.2160605 0.8731448 0.8978622 2.8968077 0.8214842 3.1549161 2.7774653 2.9378386 2.2885733 1.0226630 3.6004556 1.2188071 2.7897665 2.7765498 2.5300047 2.7914717 0.7620800 2.9353530 0.4856614 0.8063186 3.2891168 4.0534292 2.7632966 2.2361132 2.6205463 3.4065897 1.8281973 0.2858499 2.7779029 0.7978783 2.1911229 3.2427048 2.9521684 
tr|H9G4E7|H9G4E7_ANOCA         3.2300523 4.0077915 2.9241401 3.2202069 2.8251854 1.7283900 2.8561356 0.0000000 3.4874659 2.1939611 3.7245551 3.5416149 2.8930818 3.6889240 2.5167708 2.9497097 3.4983388 3.0786021 3.2493125 1.3217168 2.7865933 2.4613493 3.9440835 2.6713446 1.8431086 2.8575861 1.3617438 4.0351025 2.8745771 1.7885404 2.8547117 4.0077034 3.7566298 2.3921877 4.1036023 3.5717940 3.2172022 1.6701274 3.1119005 2.7023473 2.9437089 3.7114739 2.0545290 4.5361311 3.0125567 4.1900494 2.8449432 3.9086137 1.8759536 3.6736457 2.6900257 3.7054352 3.9376001 2.8665972 1.8220747 2.8879839 1.4849597 2.8664216 1.8492850 1.4849597 3.9256037 2.8495900 2.8879839 2.8332287 2.8879839 2.2443938 1.2722291 6.1528505 2.4535295 2.8495900 3.9719163 3.6974333 2.8495900 4.0346670 2.8773405 1.4897773 3.8085988 2.8851002 2.8630957 2.8713380 1.8346653 2.6610490 2.7915461 1.5101683 3.7596957 1.7956137 2.8423498 1.7889533 2.8359029 2.8399855 1.2561604 3.8610885 2.9616424 2.6213257 3.2307997 2.6783953 2.5029670 1.8182082 2.8397043 1.0732922 3.7053641 2.8571573 3.0185167 3.5928542 1.9346214 2.8468166 2.8879839 3.0018672 3.9376001 1.4849597 2.9419385 2.7786165 2.6624753 3.4441131 3.8819028 2.7253038 4.1564544 3.9437129 2.8808187 2.4520202 2.8681337 2.1544067 3.2301497 2.1649612 1.7688815 2.6479710 2.1810190 2.8741526 3.5875649 2.7905665 2.9256696 4.6455074 4.2544132 4.2356274 3.5144984 3.1214079 3.9948102 3.0329212 2.7735604 1.8173136 2.8478609 2.8838125 2.1178253 3.4330767 
tr|H9GCT0|H9GCT0_ANOCA         2.8871306 1.6331090 2.5991018 2.8796453 2.4502063 3.3118534 2.7797642 3.4874659 0.0000000 3.0481834 3.4897994 2.4543658 2.5809838 1.5055742 3.0002908 2.4909614 2.9589926 3.2059330 3.2059330 2.9469159 2.2672437 2.6430028 1.2119448 2.6259367 3.3519975 2.5683846 2.7872663 1.1132559 2.4968846 3.3790092 2.6638648 2.5421975 1.8891969 2.4807668 2.0537035 2.7686686 3.0817100 3.2201301 2.4088855 2.5851033 2.2654776 1.0695102 3.3619635 2.4949394 2.5023964 2.0809895 2.7272054 2.9629883 3.4087898 0.8201808 2.7246862 0.8231538 0.8687345 2.5836610 3.6003614 2.6033406 2.9793493 2.5607822 3.3915764 2.9425861 0.8850640 2.5831422 2.6744499 2.5282887 2.6033406 2.4506982 3.4749892 0.8593537 3.1250871 2.5831422 1.0452026 1.1012960 2.5831422 1.8384334 2.8285505 2.9570716 0.8854340 2.6715176 2.5827835 2.5271814 3.3947510 2.8852479 2.6117768 2.9533651 0.7914334 3.3593263 1.8765307 3.3430602 2.6002915 2.5648902 2.9525818 0.8600089 2.6481595 2.7318447 1.4859722 2.8779956 2.6337244 3.3488000 2.7534924 2.8521128 0.7733978 2.5328604 2.3599307 2.7154222 3.3924842 2.5819430 2.6744499 2.8145036 0.8771085 2.9793493 2.0671866 4.1200565 2.9049960 2.1681430 1.1215563 2.2987050 3.8307011 1.9083874 3.8284419 2.8057350 2.5185154 3.3220188 3.1335356 3.2898278 3.4354794 2.7690504 3.2933471 2.3020666 1.1334865 2.7605956 2.2551985 2.9782076 3.5242751 2.3193734 2.9786151 1.7783648 3.6528121 2.5146539 2.5597725 3.8925826 2.4108139 2.5683409 4.2593723 0.9637744 
tr|H9GML3|H9GML3_ANOCA         2.9414827 2.1273022 2.1654123 2.8934140 2.4662159 2.7151667 2.4646845 2.1939611 3.0481834 0.0000000 4.2491863 2.2914194 1.2521972 2.4312667 2.5973213 2.4302658 2.7573028 2.6117387 4.1851720 3.1856083 2.6197421 1.1849207 2.2654227 2.4978254 2.9472318 0.6124269 3.2272778 2.6449852 2.5417462 2.7146398 2.2901714 2.1541560 2.3872620 0.0000010 2.6131315 2.9435469 2.5102739 3.6188771 2.5716563 0.7196469 2.5941773 1.9067186 3.0656036 2.1790959 2.5322127 2.3370309 2.5252213 2.4310724 2.7186329 2.8357034 0.4359787 2.9213331 2.5175936 0.6504780 2.8173351 2.5928043 2.6337942 2.3810452 2.7917431 3.0618564 2.5175936 0.6508011 2.5876207 2.4149428 2.5876207 8.9999986 2.5863868 0.0000010 0.0000010 0.6250318 2.5175936 2.3350664 0.6508011 2.7441966 2.6593577 3.0802300 2.5233340 2.5928043 0.6518945 2.4108613 2.8025759 0.5234841 2.4086819 3.8702025 2.5439962 2.6848667 2.4455791 2.7314485 2.6217432 0.6092940 2.6977481 2.4404431 2.4508022 1.4457532 2.0377037 2.2657070 1.4649553 2.9477744 2.3284662 2.3725335 2.5418410 2.5167031 0.9091859 2.6169273 2.8072825 0.6508011 2.5928043 3.1290782 2.5175936 3.3120380 2.3961183 0.0000010 1.4197453 2.5716695 1.9697925 2.2891453 2.6692499 3.0551449 0.0000010 1.4538973 2.4248712 4.2005094 2.7734873 2.8973934 2.5956945 0.7525015 2.8973934 2.5386104 2.0917378 2.6248915 2.6430969 2.8545654 4.3154757 3.3311915 2.4772737 2.4348094 2.2661656 0.4501330 2.5722236 2.1208038 2.6007170 0.5715195 3.1503480 2.6928921 
tr|H9GRT6|H9GRT6_ANOCA         3.1722314 4.0208212 3.2002748 3.1399358 2.8214017 3.8437079 3.0346161 3.7245551 3.4897994 4.2491863 0.0000000 3.6888441 1.9923209 3.3382424 3.0821837 2.7715411 3.0590652 3.5250444 4.9360645 4.0071630 2.9027555 3.5484490 3.7559937 2.7526558 3.9431080 1.4862236 3.9224967 4.0427185 3.1376528 3.5896057 2.7698081 4.2937184 4.0618948 1.2606313 4.0545709 3.4188033 3.3304803 3.9280412 2.8818386 1.7897613 2.8275636 4.0546404 4.3280766 4.2026407 3.1876652 3.9864468 2.9869787 3.2228189 3.7734620 3.8107509 1.4396609 3.7743089 3.4377643 1.6062774 3.9879877 2.8673449 3.7163131 2.8839829 3.7593958 4.0827022 3.4717971 1.6061472 2.8805941 2.8986863 2.9247208 1.6917815 8.2189079 4.7145188 1.7536042 1.5732287 7.9474294 6.9830785 1.6092078 3.7405270 3.6371017 4.1436983 3.5485409 2.9182187 1.6101330 2.8882571 3.7241979 1.5568382 2.7079090 4.4252735 3.4176467 3.6280578 2.4841636 3.6244615 2.9201130 1.5592973 3.7990096 3.2230804 2.8982319 2.0310304 3.5105689 2.9643220 2.2975908 3.6893271 2.8515570 3.4665863 3.4530204 2.9103052 0.7074215 3.4469587 3.7478422 1.5987382 2.8802758 2.4796519 3.4377643 4.0926702 1.6164186 1.1983388 1.9881766 5.5848131 3.5993648 2.7669857 4.3284349 3.3503191 2.0637138 2.5481787 3.0762993 8.5646526 4.0587344 4.6891397 3.9937732 1.8017454 4.6916714 2.8936387 3.9403568 2.9371927 2.9629257 6.3744858 6.3972898 3.6948861 4.1557109 3.6396968 4.9844512 1.1024513 2.9264996 4.4743614 3.0113485 1.5212145 4.8419970 3.4804735 
sp|F4HU58|TAD1_ARATH           2.7168127 2.2748288 2.3514874 2.7375350 2.0994963 2.8351985 2.2332651 3.5416149 2.4543658 2.2914194 3.6888441 0.0000000 2.2717411 2.2425694 3.0521370 2.2049078 2.6537611 2.7553503 2.8765879 3.2757650 2.0352921 2.3936711 2.5150684 2.3495649 2.8697203 2.3131184 3.5349085 2.8185226 1.9644384 2.9549098 2.1050155 2.1634321 2.1005791 2.3654310 2.7320646 2.3155607 2.4746821 3.3289181 2.1351767 2.4467707 2.0465504 2.5329831 3.0793118 2.3575434 2.3885999 2.5204537 2.2916267 2.3259041 2.8777247 2.4854090 2.5717368 2.4567096 2.5278886 2.3954999 2.9954434 2.1781408 3.4320544 2.1628372 3.0492499 3.3864819 2.5300171 2.3965655 2.1781408 2.1690204 2.1781408 2.4233852 3.1349826 5.8406678 3.2627654 2.3965655 2.1461694 1.8168118 2.3965655 2.5363000 2.3260788 3.3538879 2.5714806 2.1798945 2.3887136 2.1839189 3.0157673 2.4226643 2.2161389 3.7851069 2.4619802 2.9908988 2.3502982 2.9204598 2.1842711 2.3824554 3.5514901 2.4998948 2.2185781 2.3545809 1.8238238 2.4225042 2.3187983 2.9417199 2.2314746 3.5511924 2.3981478 2.1284845 1.8611623 1.0044864 3.0639129 2.3941309 2.1781408 2.5934404 2.5393597 3.4320544 1.6912169 3.8709151 2.5549205 1.8969358 2.3704664 2.0516072 2.9340353 2.7803534 3.5650969 2.5053373 2.0725263 2.8803818 2.6633240 3.0909030 3.3302155 2.2733447 3.0920281 2.0623636 2.4412648 2.2487601 2.0764684 3.1913629 3.1845848 2.4255994 2.3148313 2.1421787 3.9286737 2.6599922 2.4525351 3.5039727 2.1843731 2.5755539 3.7127548 2.4336802 
tr|C3XSL3|C3XSL3_BRAFL         1.4293911 2.2273478 1.1542411 1.4343486 0.3837350 2.2550391 0.7250186 2.8930818 2.5809838 1.2521972 1.9923209 2.2717411 0.0000000 2.4125831 1.7603110 0.1318238 1.9978599 2.3239844 2.3348126 2.0820815 0.4342356 1.7840745 2.2239431 0.7257523 2.2315178 1.3138486 2.2374669 2.6919088 0.3490577 2.2397089 0.7088591 2.4537275 2.2102681 1.4092220 2.6828923 1.0136248 0.8982785 2.2958214 0.4781672 1.3187786 0.4164927 2.6161495 2.2003840 2.6870502 0.7590036 2.2471275 0.6605428 0.6134818 2.0964198 2.4418698 1.2509796 2.4579532 2.3150150 1.3259790 2.2882905 0.4495314 2.2173643 0.7253369 2.3447798 2.1916905 2.3342095 1.3312735 0.4519239 0.7263722 0.4495314 0.8607257 2.1515820 4.3322519 1.0007483 1.3312735 2.0452084 1.8994545 1.3312735 2.5101138 1.3782426 2.1490529 2.3484745 0.4507793 1.3242375 0.7353384 2.3323731 1.2500957 0.6622692 2.5467214 2.5255652 2.2693251 1.9906512 2.2163315 0.4516598 1.4132857 2.4892504 2.3003985 0.6997761 1.2658972 1.8770240 0.9494163 1.6127303 2.2400274 0.6831079 2.3829829 2.5251176 0.4099866 1.0917902 2.3884508 2.4014174 1.3334160 0.4519239 0.7218530 2.3150150 2.2173643 0.6615396 2.1317008 0.5489085 0.2674861 2.5355082 0.4855720 2.9932639 2.2759194 2.9286465 1.3595127 0.5753786 3.3034329 1.3217886 2.4810246 2.6740095 1.2615296 2.4828351 0.4047001 2.5993869 0.8528506 0.4545842 3.0777345 2.7306757 2.4418848 2.1641415 2.0367153 3.2714797 1.3350748 0.7490258 2.8291909 0.4396392 1.3259607 2.7441560 2.3974447 
tr|C3Y8L3|C3Y8L3_BRAFL         2.9564600 1.7531162 2.5562854 2.9496123 2.2309999 3.3491399 2.9507469 3.6889240 1.5055742 2.4312667 3.3382424 2.2425694 2.4125831 0.0000000 3.2258012 2.3313652 2.9105638 3.2767025 3.3842355 3.2213854 2.3308884 2.6020655 1.3206608 2.7067967 3.3720538 2.4849109 3.2089654 1.6993277 2.2807088 3.2937949 2.6857096 2.5701221 1.7613404 2.9545650 1.9576041 2.7502157 2.8943936 3.0150520 2.3884714 2.6258750 2.2963148 1.4421740 3.6281099 2.3598750 2.4450058 2.1002635 2.7401875 2.3751615 3.3750525 1.5381510 2.5073427 1.5251824 1.5354616 2.4936111 3.3895215 2.3443639 3.2694153 2.5908175 3.4019871 3.2194601 1.5312291 2.4916220 2.4686337 2.6105527 2.3443639 2.7196505 2.3766793 1.5661232 3.6195750 2.4916220 1.2596762 0.8108154 2.4916220 1.8957015 2.4652579 3.2607884 1.5319513 2.4662333 2.4973289 2.6224836 3.4284339 2.4977044 2.7041191 3.2355432 1.4910943 3.2527223 1.8041632 3.2959745 2.3685693 2.5272598 3.2645097 1.5056567 2.7153889 2.7616863 1.2659750 2.4856312 2.4761900 3.2885880 2.6968001 3.2190431 1.3786962 2.2607798 2.2184546 2.2829664 3.5802623 2.4922391 2.4686337 2.9745393 1.5240878 3.2694153 1.8378789 5.0062762 2.8124234 2.2505167 1.3710139 2.4039564 3.1661562 1.9984960 4.9313262 2.4845085 2.2662924 3.5437280 2.7956676 3.5462152 3.3452568 2.5052863 3.4937506 2.2771382 1.6486101 2.6525592 2.2733417 2.8790928 3.1700380 2.2820616 2.9518939 1.6482615 3.4406374 2.6404190 2.6662888 3.8571633 2.3223614 2.5934740 3.7978260 1.3732160 
tr|C3YCU6|C3YCU6_BRAFL         2.5923421 3.3707105 1.9455481 2.6213054 2.0704296 2.0356229 2.1645503 2.5167708 3.0002908 2.5973213 3.0821837 3.0521370 1.7603110 3.2258012 0.0000000 2.0871520 2.6557192 2.5548716 3.5045096 2.4675639 2.1091733 1.8244774 2.9986867 2.1052207 2.1879263 2.2124606 2.5453040 3.4594174 2.0634817 1.9405106 2.0751037 3.2378296 2.6627212 1.1732717 3.0210346 2.5988064 2.3310504 2.7976382 2.1469485 2.0428016 2.0893558 3.2905579 2.2006237 3.2542350 2.2377123 2.9229824 2.1155077 2.4847642 2.1643142 3.0054072 2.1575940 3.0093141 2.9173046 2.2252347 2.0788504 2.1530539 2.3833086 2.0656819 2.0131193 2.5300635 2.9426779 2.2366014 2.1750894 2.0718415 2.1568306 1.8911790 2.8913457 5.3707731 1.9461581 2.1978852 2.7606545 2.4079366 2.2366014 2.9362714 2.6715011 2.5308718 2.9236161 2.1791171 2.2197221 2.0630777 1.9999538 2.2327641 2.0232553 2.7822598 2.9130829 1.9530858 2.3808585 1.9741933 2.2096300 2.2135763 2.4373337 2.9586269 2.1089672 1.5978156 2.4023513 2.3386070 1.8363166 2.0185492 2.1162928 2.1035181 3.0699987 2.0769706 1.6691055 3.3243044 2.0039173 2.2326949 2.1713134 2.2155769 2.9173046 2.5646307 1.9852154 1.7117330 2.1381168 2.5248649 2.8901624 2.0527581 4.0110124 3.3870609 1.2627293 1.9858229 2.1847356 2.3926667 2.4990896 2.2860907 3.0398580 2.0775870 2.2887858 2.0999716 2.9079436 2.1279927 2.0949512 4.8318847 4.2364995 2.9680231 3.0161825 2.6179032 3.8045542 1.9106848 2.1649330 2.9380098 2.1364994 2.0887871 2.7105626 3.2866669 
tr|C3Z8S7|C3Z8S7_BRAFL         2.0454292 2.3188822 1.5856638 2.1143660 0.5380626 2.6242057 0.9305712 2.9497097 2.4909614 2.4302658 2.7715411 2.2049078 0.1318238 2.3313652 2.0871520 0.0000000 2.1548911 2.4527306 2.8526428 2.5255409 0.5860981 2.2093954 2.2370764 0.9196055 2.6821420 1.9617831 2.6784622 2.6769731 0.5448887 2.5317721 0.9033943 2.5276604 2.1590299 1.4848093 2.7227478 1.3746915 1.0949623 2.7478498 0.6636311 1.9354448 0.5776383 2.5665798 2.5283112 2.7316474 1.0279521 2.2571112 0.8996116 0.6776211 2.5431369 2.5712729 1.9585595 2.5883680 2.2082583 1.9906815 2.7130344 0.5971530 2.4833256 0.9183875 2.6581847 2.6509713 2.2257780 1.9961308 0.5945783 0.9201290 0.5933024 1.2289981 2.6095137 3.9321546 1.2222378 1.9827162 2.0853650 2.0256117 1.9961308 2.5510751 2.0736411 2.5930392 2.2647006 0.5967400 1.9930098 0.9276954 2.6320316 1.9550055 0.9260121 2.9901991 2.5287125 2.5433469 2.0230160 2.5153775 0.6059195 1.9978920 2.6804514 2.2316416 0.9453923 1.5139880 1.9764630 1.1575083 1.6573717 2.5804224 0.8534659 2.5400524 2.5824014 0.5593300 1.1293716 2.4863329 2.7030498 1.9973338 0.5958915 0.9353571 2.2082583 2.6757818 0.6509259 2.3438775 0.6041153 0.7275955 2.5898951 0.6354033 2.9516475 2.3830135 2.7250628 1.7660002 0.7641978 4.2628450 1.4252666 2.5796004 2.8992735 1.9591771 2.5811021 0.5693286 2.5707218 1.0160223 0.6261917 3.2748955 3.6610649 2.5169751 2.3134699 2.0497720 3.0913376 1.7664070 0.9895964 2.8373347 0.5887650 1.9202498 2.9850326 2.4216223 
sp|Q22618|DSRAD_CAEEL          2.8120333 2.9630439 2.2283875 2.8168996 2.0200146 3.0076708 2.3437256 3.4983388 2.9589926 2.7573028 3.0590652 2.6537611 1.9978599 2.9105638 2.6557192 2.1548911 0.0000000 2.9589730 3.4667548 3.1399043 1.9946267 1.9886165 2.9650021 2.2157393 3.1663256 2.1348868 3.4154800 3.5923026 2.0108013 2.9873606 2.3891528 2.9754480 2.6598569 2.4292365 3.0407354 2.0757271 2.4620808 3.4802584 2.1278873 2.2589575 2.0086876 3.2596310 3.2205457 3.2250129 2.4193252 3.1379809 2.2901209 2.2454855 3.0990026 3.0557774 2.1051820 3.0536955 3.2650243 2.1595374 3.0157969 2.0909158 3.2783934 2.2865328 3.0000466 3.3321900 3.2961098 2.1602655 2.0968463 2.2977846 2.0879121 2.5510056 3.1220658 6.3207040 3.1004882 2.1249668 3.7838791 3.8281229 2.1634001 3.1476691 2.2740246 3.3482312 3.4208652 2.1109522 2.1553538 2.2994900 3.0094549 2.1908718 2.2900105 3.1989343 3.1535322 2.9747503 2.5734499 2.9633014 2.0360276 2.2121545 3.3657660 3.1739127 2.3339961 2.3788993 2.3768185 2.3039586 2.1262667 2.9980225 2.3081768 2.6779747 3.3696180 2.0548310 1.6588244 2.8654144 3.0464919 2.1581630 2.0998539 2.4810483 3.2650243 3.3390388 1.7994976 3.1455279 2.3379740 2.0985012 3.0562030 2.2094714 3.7247704 3.5306393 4.0406719 2.2474883 2.1881680 4.1241725 2.7486502 3.0635251 3.3300705 2.1975948 3.0992153 2.0229639 3.2712978 2.3270517 2.0405349 4.3284165 3.3907605 3.0896823 2.8044575 2.8277007 3.6963495 2.1493470 2.4514067 3.3190146 2.0554669 2.2419126 3.5425560 3.1941586 
tr|Q93412|Q93412_CAEEL         3.0815091 3.3975982 2.7033964 3.1046308 2.3317567 2.6549834 2.3973776 3.0786021 3.2059330 2.6117387 3.5250444 2.7553503 2.3239844 3.2767025 2.5548716 2.4527306 2.9589730 0.0000000 0.0000010 3.1575461 2.3156455 2.5894453 2.9239547 2.5400725 2.9545099 2.4667008 2.8076771 3.4543470 2.3365526 2.7401760 2.5220082 3.1530105 3.3316548 2.0342927 3.5288171 2.7462934 3.1582943 2.9471084 2.4962855 2.4680822 2.4682459 3.5675927 2.8040954 3.3925153 2.5660599 3.3383199 2.4635604 2.9432717 2.7106031 3.2281250 2.5125494 3.2747633 3.0608434 2.4818338 2.7868131 2.4013180 3.0523407 2.4734555 2.8537757 3.0017279 3.0492772 2.4800638 2.4013180 2.4902836 2.4013180 2.2626486 3.4937613 4.2697889 2.4318376 2.4800638 2.8778564 2.7812817 2.4800638 3.0576555 2.4035614 2.9550716 3.1083194 2.4002778 2.4788929 2.5052920 2.7962038 2.5186798 2.4662279 3.0589266 2.9491124 2.7068998 2.4988843 2.7734309 2.4313012 2.5731927 3.1179532 2.9601997 2.5956107 2.4244787 2.8323105 2.7891600 2.4103740 2.7970652 2.4585916 2.8306430 2.6410504 2.4339684 2.4708003 2.7682467 2.8631664 2.4800638 2.4013180 2.4716307 3.0608434 3.0523407 2.6096745 2.8413195 2.2322797 2.8213181 3.0877184 2.4557309 4.7473149 3.8878360 2.7089606 2.8933388 2.4557586 3.3060233 3.3353652 2.8415765 2.9082966 2.4022258 2.8453020 2.2845408 3.4009089 2.5127030 2.5044240 4.2519861 4.7198493 3.3371833 3.1627012 2.9792234 4.5721509 2.8214123 2.4734641 3.4467115 2.4882623 2.6677823 3.2537113 2.9758599 
sp|Q9U3D6|ADR1_CAEEL           4.6468221 3.6777209 3.5057288 4.6839670 2.9174581 3.0180017 3.1809755 3.2493125 3.2059330 4.1851720 4.9360645 2.8765879 2.3348126 3.3842355 3.5045096 2.8526428 3.4667548 0.0000010 0.0000000 3.4243937 3.0028715 2.7582774 2.9641175 3.3633708 3.8660185 3.5864752 3.6042374 3.6339482 3.1040570 3.1268489 3.1597124 3.2085978 3.3125413 2.0342927 3.5070027 3.7661427 3.8147247 3.6779576 3.1755179 4.1539156 3.0747725 3.6146584 3.5437794 3.5242252 3.4429201 3.2505003 3.1870890 3.1575319 3.3726813 3.1986805 4.0314940 3.2417204 3.0987103 3.7767380 3.2265902 3.0610259 3.6721599 3.2446723 3.2378993 3.8558558 3.0877167 3.7542118 3.0573362 3.2374859 3.2412612 2.7406295 4.5346187 4.2697889 2.4318376 3.7866389 2.9854997 2.9582794 3.8973733 3.1228813 3.6171190 3.8995830 3.1796018 3.0834485 3.7731551 3.2796820 3.1657027 4.0122374 2.9382030 3.8040431 2.9753459 3.1395042 2.6502244 3.1974097 3.0564901 3.7451199 3.5328418 2.9805971 3.3787469 2.8345711 2.9892652 3.1971094 2.5497309 3.3836518 3.0268905 3.0057007 2.8244453 3.1905237 2.4708003 2.9275444 3.2255293 3.7687083 3.0538881 3.4132698 3.0987103 3.9721807 2.6096745 2.8413195 2.2072081 3.9142782 3.1571403 3.0754103 4.6163370 3.8971478 2.7089606 4.1564048 3.2105816 5.6372122 4.0850435 3.4729976 3.2878338 3.9215484 3.4755680 3.1400092 3.4052038 3.2615173 3.2083191 5.0111446 5.7048589 3.4866830 3.3336463 3.1109442 4.2210913 3.3119900 3.1953865 3.5670381 3.3372740 3.9448710 3.6454581 3.0932870 
tr|A0A4W3GV31|A0A4W3GV31_CALMI 3.6436829 3.1984744 2.5020182 3.7552498 2.3932859 1.7570143 2.6381629 1.3217168 2.9469159 3.1856083 4.0071630 3.2757650 2.0820815 3.2213854 2.4675639 2.5255409 3.1399043 3.1575461 3.4243937 0.0000000 2.3625114 2.6690892 3.2791704 2.6423109 1.7626320 2.6770375 1.8508397 3.7447778 2.3160332 1.7359043 2.5429622 3.3089330 3.1501643 2.5737115 3.5893797 3.0264595 2.9033986 1.5982455 2.6245446 2.6673626 2.3581341 3.2573802 1.8879444 4.1557796 2.8676792 3.3986082 2.6438849 2.7555340 1.6503091 2.9976835 2.8204654 3.0069463 3.1896404 2.6319750 1.8023776 2.3892122 1.8313797 2.5388287 1.8304616 1.9028184 3.2157047 2.6156678 2.3851598 2.4937031 2.3851598 2.6253670 1.8456928 6.1628006 2.8423836 2.5986910 2.9723534 2.7650987 2.6204366 3.4970145 3.1445888 1.8701942 3.1258511 2.3901822 2.6193536 2.5717166 1.8049325 2.6148554 2.5010230 1.9148653 3.2667225 1.7367443 2.9574544 1.7965758 2.3909270 2.5414948 1.7405697 3.2376167 2.6620736 2.4441942 2.7117381 2.5263800 2.2523200 1.8124080 2.5198393 1.4200850 3.2008002 2.3713432 2.0866564 3.0634457 1.8658122 2.6194021 2.3892122 2.7673316 3.1896404 1.9196334 2.1917056 2.3334314 1.9262503 3.3605815 3.3956147 2.4380104 4.1081307 4.4680529 3.0253887 2.3098613 2.5130029 3.1098887 2.9564826 1.9881956 1.6528165 2.6857424 2.0005191 2.3564748 3.2909199 2.7528712 2.4830086 5.2721764 4.4064333 3.0396135 3.2867942 2.9513691 3.4614945 2.7544948 2.6213537 2.3321472 2.3825177 2.7752956 2.0703851 3.0209928 
tr|A0A4W3H8W6|A0A4W3H8W6_CALMI 2.2326234 2.2173506 1.4724858 2.2522203 0.2547240 2.3603586 0.7436452 2.7865933 2.2672437 2.6197421 2.9027555 2.0352921 0.4342356 2.3308884 2.1091733 0.5860981 1.9946267 2.3156455 3.0028715 2.3625114 0.0000000 1.9425703 2.3462834 0.7443373 2.6557029 1.9561029 2.7158445 2.7050192 0.3135055 2.3889362 0.7237529 2.8214399 2.1235456 1.3955098 2.8778306 1.2939235 0.9311575 2.7233763 0.4027609 2.1244170 0.2673601 2.4937659 2.4411292 2.9033224 1.1678362 2.2989908 0.7206826 0.3285042 2.4879431 2.3705161 2.0615202 2.3677054 2.2751988 2.0294131 2.4778550 0.3307944 2.5658431 0.7632938 2.5042590 2.7747319 2.2933844 2.0244673 0.3464228 0.7687423 0.3501690 1.0167148 2.8973567 5.0341161 0.9603945 2.0217050 2.2611437 2.2153189 2.0244673 2.4895658 2.0541932 2.6797224 2.3125455 0.3489045 2.0323141 0.7525180 2.4818166 2.0016575 0.6911670 2.7345868 2.3919988 2.4051142 1.7051888 2.3937265 0.3362420 2.0990408 2.6543751 2.3020838 0.7592077 1.4723997 1.9455200 1.0201930 1.5589648 2.5150388 0.7077416 2.5029840 2.4134742 0.2793884 1.1831012 2.2914247 2.4924206 2.0353589 0.3443394 0.7931632 2.2751988 2.7887949 0.7412185 2.1970455 0.5663114 0.4175387 2.5238209 0.5117062 2.8008937 2.5270780 2.4466299 1.9816785 0.7897966 3.3734739 1.4601706 2.5475405 2.8064223 2.1449743 2.5378996 0.2980747 2.4216291 0.8951969 0.3354325 3.1032280 3.4057147 2.4476912 2.2341274 2.2161180 3.1972419 1.7348441 0.8111786 2.7627143 0.2925369 2.0334840 2.7727951 2.6007378 
tr|A0A4W3GLA3|A0A4W3GLA3_CALMI 1.6966759 2.7098546 2.0128946 1.6966759 2.0098099 2.8637771 2.2002671 2.4613493 2.6430028 1.1849207 3.5484490 2.3936711 1.7840745 2.6020655 1.8244774 2.2093954 1.9886165 2.5894453 2.7582774 2.6690892 1.9425703 0.0000000 2.0709694 2.0996670 2.9738010 1.0792152 2.4524387 2.2912003 1.9998424 2.7404324 2.1832355 2.1356018 2.4938811 0.0000010 2.4276984 2.1374256 2.0427692 2.8384048 2.3690937 0.9497012 2.3819501 2.4692776 2.9736579 2.8185688 1.7883929 3.2173333 2.2057629 1.9502021 2.5448832 2.5404494 0.8764048 2.8048142 2.3858330 1.0872494 2.8925250 2.1366231 2.4521835 2.1784383 2.8123527 2.4521835 2.3858330 1.0588432 2.1366231 2.1526377 2.1366231 8.9999986 2.6274241 0.0000010 0.0000010 1.0588432 2.4744675 3.1070495 1.0588432 2.4839344 1.8757834 2.5488466 2.5428592 2.1366231 1.0872494 2.1526377 2.9778736 1.2053608 2.2708943 2.5029036 2.3545405 3.1082227 0.7691120 2.8081316 2.1127824 1.0790190 2.5632223 2.1688891 1.9526683 1.5618939 2.4678102 1.7324312 2.0010948 3.0384725 2.3346019 2.4174515 2.0874543 2.1436393 0.5787308 4.6010918 3.2368535 1.0588432 2.1366231 3.4753791 2.3858330 2.4521835 0.7395353 0.0000010 0.8276640 1.9419342 2.5579730 1.9315492 2.9549891 5.1821199 0.0000010 1.7552479 1.5801710 4.1950394 2.1651031 2.9752541 2.1202063 0.9843029 2.9752541 2.0574412 2.4867279 1.9146308 2.2610162 2.3267310 2.2823939 2.7588951 2.3760998 2.4843073 2.8245215 1.0625155 2.2851437 2.8191333 2.1763438 1.2041782 3.4950064 2.0118572 
tr|A0A4W3IV92|A0A4W3IV92_CALMI 2.9055257 1.8773996 2.3436128 2.8989635 2.2954136 3.3719556 2.6776885 3.9440835 1.2119448 2.2654227 3.7559937 2.5150684 2.2239431 1.3206608 2.9986867 2.2370764 2.9650021 2.9239547 2.9641175 3.2791704 2.3462834 2.0709694 0.0000000 2.6212502 3.4029417 2.5408282 3.1891182 1.2060383 2.3746987 3.3522365 2.5302967 2.5716738 1.5216970 2.6888437 1.9456654 2.8896720 2.7664534 2.7695622 2.3187370 2.5401607 2.2748304 1.2406358 3.1956564 2.5053238 2.5136039 1.7980682 2.5823459 2.6196731 3.4720676 1.1464820 2.5137022 1.1326947 1.0666401 2.5350198 3.4506619 2.4510957 3.3319769 2.4307423 3.3417822 3.2968458 1.0787808 2.5502080 2.5034572 2.4243944 2.4510957 2.5422498 2.9055546 1.3142166 3.4657642 2.5502080 0.8295320 0.7112572 2.5502080 1.7443640 2.5236413 3.3246089 1.0784398 2.5010563 2.5248835 2.4135397 3.3156909 2.5545881 2.5062910 3.2799867 1.0759578 3.3750727 1.9076489 3.2965071 2.4663511 2.6583466 3.4313103 1.1240474 2.5352968 2.6163667 1.4553169 2.4258072 2.4581248 3.4106313 2.5821956 3.1450594 0.9941169 2.3408421 2.5340508 2.5545699 3.4285862 2.5492083 2.5034572 2.9317539 1.0776444 3.3319769 2.1731041 4.9092090 2.7460605 2.2461079 1.2104600 2.3476313 2.8468896 1.7025107 4.6821473 2.5913673 2.3589925 3.3548103 2.8562472 3.6237176 3.2213574 2.5581159 3.6267174 2.3192121 1.3866178 2.6246810 2.3128674 2.7795849 2.8868335 2.2604487 2.7905301 1.7631219 3.7744839 2.5982848 2.6088757 3.4156524 2.3979642 2.5245626 4.1218581 1.0065905 
tr|A0A4W3GPE9|A0A4W3GPE9_CALMI 2.5175297 2.5414462 1.7169071 2.5349740 0.6642666 2.5479400 0.4557144 2.6713446 2.6259367 2.4978254 2.7526558 2.3495649 0.7257523 2.7067967 2.1052207 0.9196055 2.2157393 2.5400725 3.3633708 2.6423109 0.7443373 2.0996670 2.6212502 0.0000000 2.8423086 2.1022590 2.5978369 2.9963077 0.7147266 2.6994619 0.4868616 2.2789171 2.4613342 1.4419097 2.9478964 1.4849664 0.6351596 2.7267982 0.8050903 2.5036058 0.7234094 2.8446881 2.7176440 2.8853962 1.3314761 2.6116218 0.4228572 0.8236296 2.6311364 2.6143480 2.1906342 2.6126694 2.4768919 2.2711719 2.8547408 0.7009860 2.6281198 0.4720126 2.7996106 2.7260827 2.4975468 2.2801141 0.7041405 0.4703833 0.7820338 0.7908499 2.7839800 3.3706961 0.6341566 2.2903444 2.3398932 2.1402972 2.3557779 2.7501602 2.3410756 2.7012348 2.5753811 0.7068765 2.2492754 0.4743023 2.7797590 2.2718020 0.4430563 2.7318040 2.7092473 2.7181594 2.1834531 2.7409364 0.7423839 2.3053882 2.4112232 2.6132158 0.4577258 1.6651964 2.2976772 1.2961519 1.7440942 2.8674210 0.4586204 2.2837543 2.8214605 0.7553406 1.4309888 2.5406346 2.8279651 2.2684632 0.7010792 0.4896769 2.4768919 2.7614385 0.8829748 1.9183076 0.8970363 0.7941505 2.6618657 0.8284533 2.9206678 2.6684139 2.7679963 2.1114820 1.0832478 3.6397095 1.2122217 2.7573615 2.6095860 2.4177922 2.7590196 0.7702766 2.6995020 0.5882069 0.8080405 3.4055070 4.1696183 2.6884190 2.4023701 2.2411720 3.4335177 1.8477034 0.5133932 2.6396078 0.7960808 2.1798444 3.0920029 2.8795088 
tr|A0A4W3HYT6|A0A4W3HYT6_CALMI 3.1138951 3.7558006 2.8449210 3.1544486 2.6639390 0.7613397 2.9004853 1.8431086 3.3519975 2.9472318 3.9431080 2.8697203 2.2315178 3.3720538 2.1879263 2.6821420 3.1663256 2.9545099 3.8660185 1.7626320 2.6557029 2.9738010 3.4029417 2.8423086 0.0000000 2.6647649 2.5831440 3.8202706 2.6965529 0.6815775 2.9181930 3.1546167 2.5296548 2.1898987 3.5135638 3.2383708 3.1032824 2.2778538 2.7724334 2.8293170 2.7292835 3.4877842 1.0939290 3.5877678 2.8935286 3.2571745 2.9309066 3.2764190 1.0041465 3.3546599 2.8865478 3.4019649 3.1895056 2.6118986 0.7236519 2.6154649 2.3275191 2.8058281 0.7164991 2.4846398 3.2192261 2.6244932 2.6018801 2.7831220 2.6032392 2.1602315 2.5788940 6.7741890 2.4560068 2.6430055 3.1955296 2.7432836 2.6244932 3.0944534 3.5019980 2.5442663 3.1397209 2.5999640 2.5934211 2.8020922 0.7153494 2.8360702 2.6848399 2.5151775 3.1933363 0.6863456 2.6879109 0.7314587 2.5658658 2.6962749 2.2078138 3.4172999 2.9618469 2.6154535 2.6441781 2.8131096 2.2854583 0.8089387 2.8161914 1.9235053 3.3915904 2.5973517 2.5673920 2.8172807 0.7205152 2.6231232 2.6018801 2.9722992 3.1895056 2.5403241 2.4419573 2.1637088 2.2860939 4.1616606 3.8193060 2.6596475 4.0882315 3.5353763 2.2985020 2.5641560 2.8241870 4.0807383 3.4654658 1.1501200 2.2462029 2.9061572 1.1507223 2.6428550 3.3493202 2.7967389 2.8104714 4.7260864 4.7918703 3.3906303 2.9957065 3.0524263 4.1279374 2.6727453 2.9958834 2.6313466 2.6292948 2.8727844 1.1991380 3.4308581 
tr|A0A8I3NVI3|A0A8I3NVI3_CANLF 2.3465520 2.4049288 2.0086563 2.3196264 1.9901895 2.6836834 2.1752447 2.8575861 2.5683846 0.6124269 1.4862236 2.3131184 1.3138486 2.4849109 2.2124606 1.9617831 2.1348868 2.4667008 3.5864752 2.6770375 1.9561029 1.0792152 2.5408282 2.1022590 2.6647649 0.0000000 2.8836501 3.0032189 1.9806222 2.6250008 2.0785109 2.9597288 2.4100739 1.2741586 2.8081518 2.4249916 2.3925964 2.9054709 2.1014220 0.8961037 2.0027825 2.4343147 2.9726871 2.6510654 2.1926125 2.5474456 2.1240827 2.1479590 2.8269857 2.7693626 0.6692766 2.7903965 2.4886390 0.1117084 2.8588794 2.0153586 2.6299971 2.0679574 2.8149466 2.8959770 2.5091450 0.1116932 2.0279799 2.0747677 2.0131865 2.2562843 2.6042304 3.7481728 2.3812244 0.1153930 2.5798902 2.3797695 0.1116932 2.6530400 2.3937283 2.9169127 2.5669344 2.0291978 0.1090993 2.0726940 2.7685994 0.5574832 2.0169618 3.2466020 2.6250752 2.6528879 2.4680016 2.6324702 2.0060026 0.1673474 2.6792556 2.4659912 2.2078991 1.3157398 1.9766820 2.0652252 1.4277673 2.7805534 2.0729507 2.3688546 2.6696571 2.0326836 0.3543785 2.8986949 2.8189532 0.1092747 2.0301532 2.2547765 2.4886390 3.0160004 1.3488103 1.4210404 1.7538566 2.6104070 2.5043708 1.9650677 2.9903803 2.6602128 2.1907043 1.5118110 2.1277919 3.8012226 2.6818983 2.9961327 2.8203148 0.8859064 2.9787845 1.9395468 2.6462672 2.1883472 1.9934471 3.9461311 5.0034966 2.8456042 2.5723241 2.6820874 3.3546061 0.5294097 2.2302969 3.0439360 2.0984905 0.8078610 3.4761814 2.5639391 
tr|A0A8I3RSA4|A0A8I3RSA4_CANLF 3.2991936 3.7674995 2.8266202 3.3662825 2.6371814 2.1662530 2.7804983 1.3617438 2.7872663 3.2272778 3.9224967 3.5349085 2.2374669 3.2089654 2.5453040 2.6784622 3.4154800 2.8076771 3.6042374 1.8508397 2.7158445 2.4524387 3.1891182 2.5978369 2.5831440 2.8836501 0.0000000 3.5919901 2.6521664 2.1142225 2.6149659 2.8949600 3.8536993 2.1944123 3.7822728 3.5255388 3.0661741 1.8562171 2.9223498 2.6920968 2.9321339 3.1399148 2.3077103 4.3491164 3.1474821 3.7260514 2.6910849 3.3096055 2.1969905 3.3875417 2.9786115 3.4311861 3.1790955 2.9691589 2.2095803 2.6395328 0.2518350 2.5801755 2.1485339 0.3187068 3.2094513 2.9534932 2.6414770 2.5639940 2.6414770 2.3563416 0.3107479 5.4103935 2.2628797 2.9425277 3.0433777 2.7784893 2.9589289 3.3629684 3.6886298 0.3114049 3.1319532 2.6174765 2.9604206 2.5774549 2.1512116 2.9909640 2.7606637 0.8387802 3.4844848 2.1204974 2.8358988 2.1145792 2.6481396 2.8947167 0.2932368 3.1062150 2.7982871 2.3856057 3.0615532 2.9610773 2.1511512 2.0683610 2.7524941 0.6368659 3.2750770 2.6770093 2.4615197 3.3254706 2.1997141 2.9545362 2.6395328 2.7759471 3.1790955 0.3233118 2.3982327 2.1503520 2.1331818 3.3828895 3.3445635 2.6728416 4.1001894 3.8427766 2.5386421 2.6775791 2.9078818 3.5034658 2.7808454 2.2955862 1.9489156 2.7424602 2.2955862 2.8092326 3.0665786 2.6909308 2.8744046 4.5946254 4.8540154 3.2826393 3.6021223 2.9881441 3.6460995 2.6716541 2.8398617 2.1019279 2.7324305 2.7411925 2.4942560 3.0879644 
