97
tr|A0A1X7TVM4|A0A1X7TVM4_AMPQE 0.0000000 4.8334660 2.4552233 5.6268789 0.8562116 2.7011492 4.7249888 2.8788577 1.3041091 2.5620855 0.6943031 5.7420619 5.5208078 0.9048248 2.7088419 6.0217223 0.8863475 3.0580136 1.1247583 5.0478831 2.9909262 4.5361790 0.9301981 2.7364600 0.7694774 4.7859013 3.3818343 3.3475189 5.3984321 2.7038041 0.8895881 2.8059015 4.5853095 0.8289907 2.5658626 0.8569809 5.2892362 2.7125378 6.0341418 0.8834771 0.8834771 6.0192734 2.7125378 6.5246837 3.8673308 0.7632892 0.9206226 2.5679631 4.5474379 6.0061104 0.8837687 2.7771524 0.9764938 5.1539425 4.3626638 5.6725604 2.3418178 5.1538830 0.8785409 2.7074637 2.5791409 4.8210542 5.5905909 0.6751313 5.6045969 0.6297932 2.7777177 5.3542878 1.3135373 1.2557321 1.0848295 6.2931393 5.3630897 2.6875766 3.1322095 1.4297797 2.1543342 3.4512535 3.9003432 1.0063195 0.9051366 2.6367124 3.3459794 1.3701241 2.9545452 3.8056474 2.7193077 4.7415880 4.3448861 2.7012877 3.8729648 3.6499749 4.4673098 3.6960379 6.4302057 2.7627038 0.9061908 
tr|A0A1X7VK93|A0A1X7VK93_AMPQE 4.8334660 0.0000000 4.6674564 1.9560946 4.7014044 4.3283487 2.2178797 4.9524802 6.1394386 5.0627297 5.2754078 1.4632265 2.9028225 4.9212444 4.2687262 1.8535212 4.6989397 3.9446711 4.7352899 5.0619223 4.9653488 1.3703675 4.5198731 4.7948178 4.2080135 1.6364786 3.9218247 4.0647622 2.1021410 4.2866524 5.0492762 5.0076234 2.9110651 5.0848570 4.3161366 4.6102353 1.9940974 4.2676839 1.8973955 4.7450223 4.7450223 1.9026258 4.2676839 2.2275353 1.4744141 4.9427014 5.3021777 4.2696192 2.0302565 1.8996712 4.7387526 4.1262111 6.6225066 1.9980740 5.1210024 2.1478908 3.5890397 1.9965178 4.6824171 4.2844122 3.7871779 1.4060314 6.2431906 4.4428549 1.9973318 4.4727426 4.5837961 2.5509258 5.7807846 6.1353695 5.3876336 1.8881578 2.2437305 4.3305240 5.2117811 6.2788199 5.2849441 5.1415254 5.3959713 5.4246821 4.7483865 4.0552152 5.3463861 4.5626187 3.6354255 4.9626595 4.6906756 5.1362245 5.0910947 3.7944562 4.9963460 4.6421932 6.3915076 4.9329820 2.0543501 4.1697512 4.6636796 
tr|A0A1X7VR21|A0A1X7VR21_AMPQE 2.4552233 4.6674564 0.0000000 4.3786570 2.4827209 0.8788306 3.8622318 1.2647769 3.0358445 0.9023157 1.9405614 3.5059361 4.0905693 2.7593238 0.8505639 4.4560195 2.6450031 2.4706990 2.3106088 4.9938332 1.3541586 4.0167497 2.3704888 0.8725291 2.0276586 3.5657218 3.0267358 2.1681211 4.1603729 0.8700956 2.7323478 0.8698341 4.1917675 2.5060054 0.8969460 2.5378359 5.0501075 0.8481661 4.4178034 2.6404378 2.6404378 4.4489031 0.8481661 4.6666824 2.7236781 2.6502771 2.5160676 1.0476202 4.2868173 4.4273411 2.6450031 0.8688269 3.1187164 3.9075511 4.4511900 4.8009014 2.1015556 4.4679367 2.6401668 0.8512148 0.5485119 3.4321160 3.8840157 2.2295606 4.2255462 2.5315358 1.2897606 4.5053812 2.9758324 3.3236944 2.8737888 4.1949243 4.8243039 0.8864255 1.4160683 3.1283258 4.1274157 1.8752623 1.2668585 2.5020005 2.6009564 0.8649377 2.9186587 2.1778281 2.5300479 3.4350254 1.4808707 4.9263443 3.6983939 2.5111091 3.1678673 3.1741729 4.4544734 3.1811472 4.7734271 0.9090669 2.6476208 
tr|G1KI45|G1KI45_ANOCA         5.6268789 1.9560946 4.3786570 0.0000000 5.3224510 4.0216366 2.7034871 4.7019195 6.5725595 4.6462594 5.3478278 0.9778161 3.3701466 5.5359149 4.0011606 0.8577638 5.5005782 4.2476372 4.8388969 5.0115536 5.3752597 1.1505762 5.3492281 4.2297274 4.4546902 1.2152531 4.6302077 3.8552622 1.0908877 4.4662175 6.1756701 4.3748628 2.6090494 5.4880952 3.9313085 5.4153605 0.7051760 3.9754553 0.8232873 5.5567041 5.5567041 0.8291870 3.9754553 1.0232684 0.3475911 5.4976484 6.1120921 4.3783243 1.8036942 0.8011221 5.5525035 3.9963856 7.5365958 0.8860289 5.8060692 2.4518927 3.9828650 0.8989356 5.5169295 3.9549878 3.6751854 1.0570258 6.1478627 5.4021045 0.8425610 5.1128718 4.3329377 2.5257191 5.8250295 6.2831908 5.7984014 0.7932258 1.2713160 4.0300918 5.1321078 5.5166443 6.9408323 5.7443022 6.0317978 5.7301737 5.7500273 4.1982393 6.3048043 4.7534085 3.8615200 4.7686326 5.0084074 6.2953364 5.2254673 4.0524866 4.9580742 4.7074557 6.9814707 4.9156401 2.0696085 4.0731228 5.7864164 
tr|G1KP31|G1KP31_ANOCA         0.8562116 4.7014044 2.4827209 5.3224510 0.0000000 3.0070288 4.8232768 3.2648832 1.2744123 2.9911535 0.3137065 4.9016236 5.8277102 0.1098706 2.8942054 5.3472707 0.0652166 3.3654906 1.0176925 4.6396746 3.0718245 4.0321803 0.6692577 2.8848703 0.6202752 4.4494738 3.7782741 3.3694875 5.8450394 2.9390641 0.1646743 2.8939442 4.6765368 0.5465087 2.7377236 0.0293894 5.2171735 2.9082713 5.3909699 0.0628766 0.0628766 5.3937188 2.9082713 5.9367825 4.1453948 0.1314450 0.7239592 3.1481476 5.1484440 5.3995963 0.0676610 3.0122919 0.2127719 5.2068129 4.4324582 6.0246839 2.5776531 5.1926165 0.0749783 2.9030540 2.7716262 4.6996336 5.9803110 0.4910249 4.9745700 0.0331507 3.1670204 5.2693082 1.2767530 1.3034983 1.1081052 5.3616549 5.8310566 2.8592430 3.3350211 1.3466702 2.2448254 3.4445102 4.7670051 0.6780145 0.1644421 2.8543387 3.5800796 1.3617124 3.3125096 3.5479184 3.3090931 4.4711567 3.9848949 2.8309471 3.5996864 3.7670314 5.0820237 3.6361720 6.1139865 2.9941695 0.1289497 
tr|H9G6T9|H9G6T9_ANOCA         2.7011492 4.3283487 0.8788306 4.0216366 3.0070288 0.0000000 3.6110915 1.3224464 3.7469161 0.6989986 2.0059051 3.8103840 4.5586639 3.2186327 0.1466240 4.8473611 3.0521182 2.4051747 2.7464900 4.1706553 1.3895413 3.7313407 2.8306834 0.9643070 2.1489737 3.5748457 3.1255934 2.1598605 3.7667779 0.3823420 3.2499749 0.7893392 3.8481863 2.8846392 0.2246505 3.0603544 4.4269126 0.1403035 4.6828531 3.0719922 3.0719922 4.7175205 0.1403035 5.2178132 2.8153637 3.1079292 2.9885423 0.9915681 4.4007663 4.6254402 3.0754803 0.1642685 3.8086288 4.2658481 4.2887965 5.1876927 2.0666424 4.4051398 3.0661653 0.1475475 0.5526194 3.6355290 3.8099119 2.3016552 3.9422938 2.7748612 1.3274467 3.9662275 3.3074229 3.7429676 3.2924726 4.4729809 4.2453849 0.5275690 1.6410413 3.0532412 4.5176130 1.7679158 1.0893209 3.1866233 3.1285088 0.3913322 3.1656942 2.4785319 2.5193443 3.1189021 1.3842885 4.5979775 3.4867596 2.2015014 3.3331686 3.2875892 3.8525882 3.2707909 4.6273172 0.2688273 3.2571703 
sp|Q8LFA9|METL2_ARATH          4.7249888 2.2178797 3.8622318 2.7034871 4.8232768 3.6110915 0.0000000 4.1942015 6.0081496 3.9438225 3.6923513 1.7973620 3.4728290 4.9163191 3.4947096 2.6691446 4.8937663 4.3139137 4.1627144 6.0405072 4.2580957 1.6213569 4.1969428 3.6902639 3.7235017 1.8957915 3.9099534 3.6572876 2.5869594 3.4725227 5.0880990 4.2384647 2.8846804 4.6091916 3.7169188 4.8001818 2.6996616 3.5370905 2.7810072 4.9224918 4.9224918 2.7563976 3.5370905 3.3339306 1.5933836 4.8563139 4.4158073 3.8806661 2.0731359 2.7759258 4.9333496 3.5105751 5.9498662 2.5936423 6.0423600 2.5441418 3.9806766 2.6492758 4.9017072 3.5020540 3.6770906 1.9464285 5.4691317 4.5990882 2.7853335 4.4251445 3.8904114 1.0333782 5.3028041 5.5852036 5.1315434 2.6910652 2.8809818 3.6990708 4.7498873 5.2794187 6.9273940 4.2322863 4.4401810 4.9425603 5.0057013 3.2973690 5.3478322 4.4534617 3.7256314 4.4152751 4.2368838 6.4636821 5.3779502 4.2586687 4.6401418 4.5482776 6.0574142 5.0319733 2.8431272 3.4688475 4.6148819 
sp|O82486|MTA70_ARATH          2.8788577 4.9524802 1.2647769 4.7019195 3.2648832 1.3224464 4.1942015 0.0000000 3.5793286 1.2432776 1.8284183 3.7774534 4.7363579 3.6181880 1.3937915 4.8716275 3.3490087 2.6141421 2.5571016 4.8089651 1.3631375 3.9428758 2.8251171 1.4100788 2.1779180 3.8073841 3.0525707 2.2544663 4.2526801 1.3541238 3.4582015 1.3115110 4.1094028 2.7514919 1.3557336 3.3225038 4.9348219 1.3803369 4.9789837 3.3484797 3.3484797 4.9879532 1.3803369 5.6917246 2.6518221 3.1079566 3.1208849 1.4260467 4.1749109 4.9232221 3.3521858 1.4346269 3.8238193 4.8599025 4.6901721 5.0257076 2.0347841 4.4387631 3.3143051 1.3899480 0.6886829 3.1726019 4.3677002 2.3168820 4.3035802 2.8393836 0.5956131 4.9416968 3.5780313 3.5754840 3.2059599 4.7806233 4.5797747 1.4048305 1.7626399 2.7451123 4.4745246 2.3323783 1.5572473 3.3487838 3.4577826 1.3613265 3.3763186 2.7121500 2.7913456 3.7138889 1.5924527 5.0419783 3.5358544 2.4946180 3.3871574 3.5647678 4.5859952 3.3403709 5.2419262 1.3734958 3.3597842 
sp|Q94AI4|METL1_ARATH          1.3041091 6.1394386 3.0358445 6.5725595 1.2744123 3.7469161 6.0081496 3.5793286 0.0000000 3.6326273 0.3157244 5.6585104 6.2727731 1.3570332 3.5787429 7.4142297 1.3267745 4.1857843 1.2628288 4.4216522 3.5417126 4.3014086 1.4720539 3.3418259 0.9576790 4.6730293 4.1431961 3.3383616 6.9481746 3.5306894 1.3766647 3.6367599 5.6171274 1.1206995 3.3478298 1.2724578 8.1141080 3.5978766 7.9441879 1.3238844 1.3238844 7.9219118 3.5978766 8.2059043 3.8211128 1.2803546 1.5389873 3.6258270 6.4348989 7.9133456 1.3307673 3.6494656 1.4932016 7.0799167 4.3333758 7.0104432 3.1688403 7.1186475 1.3455348 3.6072502 2.7899041 4.7467374 8.9999984 0.8292902 6.6849999 0.8988626 3.4497347 6.8710821 1.1338967 1.0172148 0.9430529 8.0129513 6.4374468 3.6880089 3.8308007 2.2352578 2.2688278 5.2008399 4.6764225 1.3873120 1.3050246 3.3337317 3.8193621 1.3573427 4.0615000 4.7306682 3.3073111 4.7359318 4.9115265 3.8725097 4.2926321 4.6157418 4.8827782 4.3669159 8.4999520 3.4782953 1.3084457 
tr|C3YFD7|C3YFD7_BRAFL         2.5620855 5.0627297 0.9023157 4.6462594 2.9911535 0.6989986 3.9438225 1.2432776 3.6326273 0.0000000 2.1010986 3.7670421 4.5207550 3.1232999 0.7058319 5.1138107 2.8928864 2.5483951 2.5749878 4.1363387 1.4722959 4.0008087 2.6476924 1.0506388 1.9872189 3.4706805 3.2271634 2.4113854 4.0688528 0.7643238 3.0881442 0.8085975 3.8508733 2.7598541 0.7215018 3.0166529 4.7593509 0.7053188 5.0284929 2.9143244 2.9143244 5.0680453 0.7053188 5.5045920 3.1297589 2.9119162 2.8544551 0.9543409 4.7883592 4.9561077 2.9227308 0.7485003 3.7000386 4.6814456 4.3705261 5.3798285 2.0998291 4.8351915 2.9096886 0.7126978 0.5149589 3.5768041 4.1799590 2.4480532 4.5807084 2.7690637 1.3136709 4.5393770 3.2285270 3.7709544 3.2362460 4.7543459 4.7260110 0.7787870 1.6354599 3.2137497 4.6364693 1.9801098 0.9886953 3.2128860 2.9870251 0.7556675 3.2209555 2.6319979 2.7285101 3.3966277 1.3981169 4.8491524 3.5456720 2.4711825 3.4046505 3.3702272 3.9756340 2.9823608 5.0429899 0.7129295 3.0868303 
tr|C3YFU8|C3YFU8_BRAFL         0.6943031 5.2754078 1.9405614 5.3478278 0.3137065 2.0059051 3.6923513 1.8284183 0.3157244 2.1010986 0.0000000 4.5893279 6.2164241 0.3589547 2.0092041 5.5433297 0.3315272 2.3475377 0.7947926 4.0803386 2.2177679 4.0810177 0.7130719 2.1749004 0.7436528 4.5631710 2.3763109 3.6999905 4.8749715 1.9577001 0.3902518 2.2187581 4.5557865 0.4274941 2.0338651 0.3426411 4.7208413 2.0092041 5.2988398 0.3315272 0.3315272 5.2304507 2.0092041 6.2858137 9.0000000 0.3315272 0.4924187 2.1830670 3.9192494 5.2736198 0.3315272 2.1643053 0.3358868 5.0222932 5.3881859 4.7365703 2.2220190 4.7028634 0.3248953 2.0092041 1.6298556 4.3027071 3.1989295 0.6612077 5.0579243 0.3316637 2.0733771 4.9693944 1.1156836 0.9039215 0.8750965 5.2988398 8.9618823 1.8913945 2.0386866 1.2665175 1.6777309 2.3119409 3.0567891 0.3973927 0.4048462 1.8828270 3.2720332 1.3017839 1.7795976 3.3267672 2.3999411 5.0104811 3.6302181 2.1620639 2.1778117 2.2225961 3.4096073 1.9249088 5.8856060 2.0396110 0.3830142 
tr|C3ZVZ2|C3ZVZ2_BRAFL         5.7420619 1.4632265 3.5059361 0.9778161 4.9016236 3.8103840 1.7973620 3.7774534 5.6585104 3.7670421 4.5893279 0.0000000 2.4258181 5.1700638 3.7469084 0.8253817 5.0786193 3.4422040 4.6970717 4.5029375 4.0287864 1.0480989 5.2916021 3.6060004 4.8550399 1.1867767 3.4229452 4.2861269 0.9458337 3.8100236 5.5356461 3.5787587 2.0347937 5.6244734 3.6471572 5.0717284 0.8750728 3.7358040 0.8544766 5.0786193 5.0786193 0.8519286 3.7358040 0.8803757 0.6313136 5.0786193 5.4035872 3.4101365 1.4917338 0.8578836 5.0786193 3.8669488 7.1084142 0.8363395 7.2210958 1.5426147 3.9256593 0.8852800 5.0786193 3.7246123 3.7806416 1.0896900 5.2003549 5.2028599 0.8663007 5.0797797 3.7991893 1.8698958 5.0496816 5.5748309 5.1223239 0.8544766 1.0718084 3.7376466 4.2669008 6.0910816 7.1208467 4.5585296 3.7205299 5.0205424 5.5287025 3.7098264 5.3186732 4.8635456 2.8419645 3.5427618 4.1143132 5.3617470 4.2928321 3.6936514 3.9945025 3.9311303 5.3753558 4.1474615 1.4085747 3.6793610 5.3619093 
sp|Q09956|DAMT1_CAEEL          5.5208078 2.9028225 4.0905693 3.3701466 5.8277102 4.5586639 3.4728290 4.7363579 6.2727731 4.5207550 6.2164241 2.4258181 0.0000000 5.8265311 4.4391881 2.9692562 5.7404361 4.4467616 5.9817483 5.9483768 4.9657821 2.6883277 5.3893394 4.2370568 5.7271020 2.6252355 4.7742160 5.5309648 3.1029115 4.8152582 6.1742114 4.2665533 3.1541989 5.7352044 4.5769942 5.7622091 3.2330636 4.4784463 2.9423767 5.6749259 5.6749259 2.9363774 4.4784463 3.5113719 2.8317471 6.0688901 6.2535153 4.6113101 2.7312540 2.9344082 5.6543024 4.5114778 7.1493299 3.0596153 4.9373832 3.4086264 3.9673014 3.0300644 5.6610812 4.4463488 4.0424018 2.5186357 7.7683749 6.5238731 3.3506339 5.8517778 4.6435805 3.5657443 6.0809099 6.0171101 5.8945021 2.8359418 2.8410951 4.7066254 5.5506846 6.1533577 7.4032437 5.8873423 4.2862097 5.2969203 6.2123264 4.5735826 4.6428968 5.6554726 3.8326697 3.9875386 4.8084629 5.4562521 5.5350134 4.9044283 5.0537988 4.8362437 6.4120640 5.2470921 3.1018363 4.9562721 6.0511587 
tr|A0A4W3GX50|A0A4W3GX50_CALMI 0.9048248 4.9212444 2.7593238 5.5359149 0.1098706 3.2186327 4.9163191 3.6181880 1.3570332 3.1232999 0.3589547 5.1700638 5.8265311 0.0000000 3.0834075 5.7841864 0.1310364 3.3388361 1.0339570 4.7622264 3.1819264 4.1708938 0.7054230 3.0974441 0.6535742 4.6015385 3.9583768 3.7376822 5.9938355 3.2216913 0.2097148 3.0646140 4.9432567 0.5109164 2.8950682 0.1056048 5.6285952 3.1015981 5.6148288 0.1363761 0.1363761 5.6176429 3.1015981 6.1332009 4.3638449 0.2098586 0.7263184 3.2999902 5.4296626 5.6238634 0.1364489 3.2111026 0.3079338 5.6018393 4.9404065 6.2340174 2.6463600 5.4763747 0.1388358 3.0914464 2.7900755 4.8179641 5.8150650 0.5099492 5.5526804 0.1061015 3.4360728 5.2470684 1.3537103 1.3490481 1.1277845 5.6035472 5.9897013 3.1075330 3.5502036 1.3910083 2.3408713 3.6381753 4.8938964 0.6627469 0.2097698 3.0714177 3.6312769 1.3885856 3.5988937 3.7246741 3.4975337 4.6648993 4.2032613 2.9843931 3.7697117 3.9425886 5.3204791 3.6996720 7.1199469 3.2528929 0.1842695 
tr|A0A8I3Q0U5|A0A8I3Q0U5_CANLF 2.7088419 4.2687262 0.8505639 4.0011606 2.8942054 0.1466240 3.4947096 1.3937915 3.5787429 0.7058319 2.0092041 3.7469084 4.4391881 3.0834075 0.0000000 4.7202131 2.9200746 2.3525483 2.6761192 4.0656496 1.4851408 3.7360603 2.7223878 0.9251104 2.1479307 3.6455375 3.1074939 2.1686822 3.8197000 0.3846535 3.1120201 0.8153955 3.8615257 2.8973457 0.2159954 2.9456329 4.3965947 0.0154450 4.5725183 2.9388934 2.9388934 4.6059741 0.0154450 5.0729998 2.7719932 3.0628605 2.9571764 1.0121675 4.3209854 4.5111901 2.9684503 0.0691465 3.6804392 4.0832695 4.2769170 5.1209077 2.0399602 4.3183803 2.9586482 0.0327802 0.5620124 3.7207916 3.7055601 2.2524741 3.9206319 2.7618402 1.3277713 3.8073305 3.2031999 3.4808224 3.0875389 4.3638388 4.2892398 0.5350428 1.6475429 3.0064943 4.4455257 1.7373593 1.0438336 3.2546833 3.0513102 0.3881069 3.0359847 2.4904328 2.4804235 3.0162780 1.3926163 4.6304241 3.6110971 2.1918486 3.3702646 3.1728204 3.7637221 3.1788620 4.5107798 0.2679493 3.1373658 
tr|A0A8I3RQN6|A0A8I3RQN6_CANLF 6.0217223 1.8535212 4.4560195 0.8577638 5.3472707 4.8473611 2.6691446 4.8716275 7.4142297 5.1138107 5.5433297 0.8253817 2.9692562 5.7841864 4.7202131 0.0000000 5.4634816 4.5461328 5.2779178 5.1545703 5.2263733 1.1249735 5.2170060 4.6667722 4.5839266 1.1150655 4.1047727 4.0034960 1.2247790 4.7160510 6.2353006 4.9029141 2.5203923 5.8817883 4.4860118 5.3417264 0.7349578 4.7170327 0.1899313 5.4902794 5.4902794 0.1978164 4.7170327 0.2551708 0.1181903 6.0659871 6.0137848 4.7143168 1.8199453 0.1896788 5.4905078 4.7201956 7.9147704 0.4739031 5.6032971 2.3073471 3.4823685 0.3414108 5.4686870 4.7310051 3.7049224 1.0173809 6.0596003 5.5790889 0.5951396 5.4096190 4.4559546 2.5943900 6.1684085 7.1732753 6.1923822 0.1907193 1.1759769 4.6691709 5.6873109 5.4344433 6.9753244 5.5872053 6.2533601 6.6247707 5.9434325 4.8366471 6.0203967 5.1248134 4.0100729 4.5055166 5.4725219 6.2214985 5.0104150 4.0971993 4.6862471 4.5191752 5.8767731 4.6957330 2.0117546 4.7309401 5.8896437 
tr|A0A8I3Q245|A0A8I3Q245_CANLF 0.8863475 4.6989397 2.6450031 5.5005782 0.0652166 3.0521182 4.8937663 3.3490087 1.3267745 2.8928864 0.3315272 5.0786193 5.7404361 0.1310364 2.9200746 5.4634816 0.0000000 3.3733420 1.0439681 4.7365089 3.1425353 4.2726319 0.6821532 3.0000631 0.6348440 4.5942595 3.9231555 3.5635137 5.7937789 3.0269424 0.1839912 3.0459532 4.6564114 0.5665181 2.7760740 0.0572041 5.4235822 2.9342026 5.4687472 0.0044527 0.0044527 5.4715102 2.9342026 6.0074215 4.2625560 0.0792119 0.7353420 3.1945489 5.2977745 5.4774885 0.0044547 3.0537964 0.2311754 5.4261459 4.7063060 6.1077349 2.6041143 5.2086281 0.0134632 2.9289575 2.7779533 4.8026609 5.7587689 0.5166079 5.2623881 0.0358259 3.2530383 5.2445758 1.3170625 1.3286773 1.1507133 5.4114761 5.9698474 2.8973978 3.4342356 1.3962736 2.2917552 3.5241417 4.7569275 0.7014571 0.1789060 2.8832570 3.5443689 1.3702410 3.2847631 3.7293324 3.4329376 4.4380893 4.0442976 2.8931551 3.6129712 3.7181770 5.2393102 3.6452514 6.3113256 3.0214091 0.1591177 
tr|A0A2K3DQ86|A0A2K3DQ86_CHLRE 3.0580136 3.9446711 2.4706990 4.2476372 3.3654906 2.4051747 4.3139137 2.6141421 4.1857843 2.5483951 2.3475377 3.4422040 4.4467616 3.3388361 2.3525483 4.5461328 3.3733420 0.0000000 2.9335655 3.4852011 2.7809924 3.0467583 3.4120986 2.4300160 2.9321838 3.7860265 1.1185712 3.2194489 3.6386896 2.4544740 3.3008330 2.3513682 3.3593857 2.8751921 2.3171823 3.3954210 4.3371827 2.3274210 4.5241874 3.3723849 3.3723849 4.5191696 2.3274210 5.1765756 2.2607181 3.4073897 2.9028872 2.5683837 3.8343012 4.4938961 3.3733420 2.4336257 3.9209033 4.2985595 3.5766846 4.5666652 0.7167732 4.0689555 3.4100631 2.3223102 2.4249290 3.2381037 5.0823036 2.9738359 3.9737993 3.3370026 2.5313634 4.9055494 4.0680360 4.1790699 3.6772587 4.4547117 3.9138738 2.5126544 3.0002445 3.6711772 4.0683931 3.2645153 3.2731610 3.4393627 3.4876440 2.4011226 3.9833704 2.9471338 1.6344890 3.7543576 2.9086292 3.7023270 2.8412370 0.8575539 2.4348337 2.5041600 3.0132919 2.4460805 5.6523863 2.3758294 3.4140864 
tr|A0A2K3E806|A0A2K3E806_CHLRE 1.1247583 4.7352899 2.3106088 4.8388969 1.0176925 2.7464900 4.1627144 2.5571016 1.2628288 2.5749878 0.7947926 4.6970717 5.9817483 1.0339570 2.6761192 5.2779178 1.0439681 2.9335655 0.0000000 4.4589329 2.7107963 4.4309216 1.1302127 2.6765240 1.0244176 4.3209275 2.6942382 2.8647986 4.5661061 2.6122883 1.0198296 2.9238360 4.6828612 1.0185787 2.6313690 1.0127023 4.7824213 2.6849961 5.1464268 1.0476098 1.0476098 5.0672833 2.6849961 5.3963151 3.6580174 1.0232768 1.0802966 2.7088540 4.1841839 5.1384549 1.0493118 2.7376398 1.3616603 5.0039139 3.8348773 5.6712639 2.6048706 4.5387138 1.0436948 2.6803207 3.0459105 3.8633514 5.5970664 1.0572864 4.7216631 0.9181764 2.6435734 4.5647342 1.1758361 1.3622488 1.2149495 5.2391339 4.3726764 2.7112389 2.7895452 1.9397793 2.3561302 3.1779358 4.1784970 1.1030808 1.0588136 2.4786971 3.1410777 1.3143296 3.0284967 4.4648216 2.5302934 4.5777095 3.6067977 2.8216004 3.4374455 3.6670680 4.3966769 3.0268914 6.4459723 2.7647511 1.0170463 
tr|A0A2K3DB89|A0A2K3DB89_CHLRE 5.0478831 5.0619223 4.9938332 5.0115536 4.6396746 4.1706553 6.0405072 4.8089651 4.4216522 4.1363387 4.0803386 4.5029375 5.9483768 4.7622264 4.0656496 5.1545703 4.7365089 3.4852011 4.4589329 0.0000000 5.2063290 4.6618312 4.4307847 4.6828690 4.1876735 4.7911541 3.7731498 3.4887979 5.5403792 4.1543568 5.1833660 4.5861302 4.7374428 4.6690264 3.9786237 4.7437361 4.7592255 4.0120289 5.2595679 4.7377858 4.7377858 5.2651985 4.0120289 5.4760010 4.3965243 5.2721719 5.3574733 5.4099127 5.2336024 5.2351573 4.7580865 4.0618374 6.5364693 5.2704195 2.2407337 7.0873776 3.3041201 5.1512975 4.7190637 3.9865087 4.1648373 4.8259641 7.1242148 5.3396282 4.0263160 5.0362137 4.4220806 6.2819428 4.5636386 4.3112327 4.3393058 5.3587527 5.4161925 4.0102922 5.6156233 4.7305028 4.5038395 5.7940556 5.0258204 6.0211881 4.5201806 4.0705989 4.4585706 4.7255095 4.1917337 4.5493457 4.7758937 2.4474262 3.5869607 3.6314219 4.6462548 4.7890666 5.5655991 5.2575371 5.5576498 4.0519571 5.0407562 
tr|A0A2K3DQK0|A0A2K3DQK0_CHLRE 2.9909262 4.9653488 1.3541586 5.3752597 3.0718245 1.3895413 4.2580957 1.3631375 3.5417126 1.4722959 2.2177679 4.0287864 4.9657821 3.1819264 1.4851408 5.2263733 3.1425353 2.7809924 2.7107963 5.2063290 0.0000000 3.6483550 2.9199701 1.5420075 2.2026307 4.0363842 3.1494567 2.0338860 4.8051376 1.4641322 3.3501387 1.4752402 4.0686590 2.7762953 1.3661658 3.1727550 5.2275603 1.4836308 5.2070516 3.1873542 3.1873542 5.1623698 1.4836308 6.0611448 2.9708316 3.2197773 3.0077734 1.4614950 4.2707300 5.2473395 3.1925705 1.4790739 4.0465005 4.8289146 5.0831035 5.6073592 2.0326567 5.0473035 3.2055783 1.4898612 0.8315606 3.4961732 5.1895206 2.4720385 4.6291648 2.9887718 1.2841508 4.5400339 3.8606947 4.0051031 3.6398072 5.0139255 4.7577413 1.4406410 2.1128843 3.3414418 4.1324853 2.1177779 1.6788814 3.5546003 3.4055049 1.4309705 3.3132533 2.4116314 2.9068075 3.6818537 1.7553627 5.4682063 3.7225083 2.3545875 3.5502528 3.6174379 4.0341562 3.3765282 5.6922358 1.4271325 3.3130268 
tr|F6UFW3|F6UFW3_CIOIN         4.5361790 1.3703675 4.0167497 1.1505762 4.0321803 3.7313407 1.6213569 3.9428758 4.3014086 4.0008087 4.0810177 1.0480989 2.6883277 4.1708938 3.7360603 1.1249735 4.2726319 3.0467583 4.4309216 4.6618312 3.6483550 0.0000000 4.2584002 3.6863819 4.1184445 0.7061965 2.9764828 3.5825785 1.2745085 3.6548740 4.3407649 3.8495675 2.3561979 4.0719788 3.7378155 4.1822808 1.1858988 3.7360603 1.1737611 4.2726319 4.2726319 1.1651588 3.7360603 1.5813105 1.3231104 4.2726319 4.5678412 3.4313330 1.2452282 1.1891928 4.2726319 3.6968373 6.7077999 1.0900299 5.0427196 1.5837436 3.6153338 1.1673298 4.2726319 3.7360603 3.8969088 1.2747945 5.1878585 4.7374717 1.1067365 4.2032994 3.9932382 1.8304496 4.3186463 4.7246176 4.3551929 1.1737611 1.3401422 3.5604940 4.3077626 4.6888943 5.6705737 3.7858223 2.8972735 3.6859010 4.2524737 3.6358979 4.6714102 4.0497553 2.9379042 3.3265141 3.7030684 5.5978078 3.7574824 2.9717139 2.7580410 2.8198200 4.0536940 3.4862494 1.5047820 3.6312794 4.2511819 
tr|F6VZQ9|F6VZQ9_CIOIN         0.9301981 4.5198731 2.3704888 5.3492281 0.6692577 2.8306834 4.1969428 2.8251171 1.4720539 2.6476924 0.7130719 5.2916021 5.3893394 0.7054230 2.7223878 5.2170060 0.6821532 3.4120986 1.1302127 4.4307847 2.9199701 4.2584002 0.0000000 2.6912559 0.2483489 4.5373099 3.5742813 3.3865678 5.3440227 2.8049741 0.7381128 2.6310407 4.4789485 0.7379494 2.7814648 0.6680325 4.6615747 2.7499286 5.1973738 0.6819805 0.6819805 5.1808073 2.7499286 5.4317335 4.7192249 0.6554057 0.8709016 2.8264526 4.5881371 5.3059455 0.6811107 2.9479695 0.8761161 4.9852420 3.6777265 5.1852794 2.4721181 4.9993156 0.6781729 2.7484688 2.6276357 4.5476630 5.8939449 0.7299835 4.9841296 0.5653596 2.9725200 5.1918220 1.5424995 1.4426446 1.2292233 5.2671901 6.2226272 2.6508772 3.1181647 1.3991157 2.1787490 3.4827709 3.9289446 0.9237113 0.6959631 2.6815366 3.2535982 1.3595789 2.9622428 3.6310733 2.9634321 4.6228673 3.9211446 2.6459018 3.5629417 3.5882380 4.9516693 3.1590351 6.5949195 2.8471772 0.7209572 
tr|H2Y8F1|H2Y8F1_CIOSA         2.7364600 4.7948178 0.8725291 4.2297274 2.8848703 0.9643070 3.6902639 1.4100788 3.3418259 1.0506388 2.1749004 3.6060004 4.2370568 3.0974441 0.9251104 4.6667722 3.0000631 2.4300160 2.6765240 4.6828690 1.5420075 3.6863819 2.6912559 0.0000000 2.1267031 3.5369770 2.7788559 2.5061521 4.0982316 0.9573192 3.0546022 0.9321495 3.9963236 2.9212889 0.9227225 2.9496579 4.3467180 0.9416432 4.6105262 2.9974791 2.9974791 4.6323477 0.9416432 5.2431697 2.8886595 3.1875496 2.8695399 1.0770074 4.0789743 4.6048154 3.0006074 0.9795026 3.6035109 4.3977569 5.0737986 4.9091171 2.0291680 4.4958878 2.9826586 0.9345270 0.5082103 3.5731464 4.0721019 2.2969097 4.2971742 2.8379256 1.5581265 3.9511934 3.2810924 3.3071648 3.1353579 4.3094648 4.4843116 1.0110711 1.8105021 3.2434372 4.5104219 1.9146489 1.3254619 3.0591575 2.9965167 0.9414029 3.3602068 2.2641220 2.4028755 3.3365702 1.5778619 5.1472686 3.7670827 2.3555392 3.4242336 3.3492150 4.2680332 3.2356011 5.3718343 0.9647046 3.0703876 
tr|H2YW51|H2YW51_CIOSA         0.7694774 4.2080135 2.0276586 4.4546902 0.6202752 2.1489737 3.7235017 2.1779180 0.9576790 1.9872189 0.7436528 4.8550399 5.7271020 0.6535742 2.1479307 4.5839266 0.6348440 2.9321838 1.0244176 4.1876735 2.2026307 4.1184445 0.2483489 2.1267031 0.0000000 4.5427355 2.8698762 3.2469542 4.4051420 2.2280010 0.6505085 2.1928063 4.4604357 0.6116257 2.1555860 0.6138947 4.0519484 2.1418951 4.5490907 0.6348440 0.6348440 4.5291270 2.1418951 4.6727762 4.6224182 0.6348440 0.7600690 2.3527685 4.1132009 4.5401511 0.6348440 2.3823015 0.9731328 4.3068532 3.0126436 4.9757506 2.5868439 4.2377348 0.6377603 2.1418951 2.1104266 4.5077316 5.2938539 0.6823260 4.3084813 0.6085556 2.1933837 4.2559637 1.2128848 1.0859526 0.9571334 4.5490907 5.2103876 2.0450923 2.1623312 1.1853168 2.2659047 2.4970949 2.8536088 0.9121015 0.6626302 2.0768113 2.9790051 1.3528136 2.3609771 3.1925035 2.1951027 4.6485314 2.8448811 2.3620341 2.8546048 2.6435498 3.5979266 2.4394638 5.1010329 2.1181319 0.6449247 
tr|H2Z3B7|H2Z3B7_CIOSA         4.7859013 1.6364786 3.5657218 1.2152531 4.4494738 3.5748457 1.8957915 3.8073841 4.6730293 3.4706805 4.5631710 1.1867767 2.6252355 4.6015385 3.6455375 1.1150655 4.5942595 3.7860265 4.3209275 4.7911541 4.0363842 0.7061965 4.5373099 3.5369770 4.5427355 0.0000000 3.3830400 4.0858758 1.2854145 3.5148673 5.2000275 3.3315312 2.3888285 4.8557205 3.6421762 4.4821611 1.1946125 3.5971880 1.1480868 4.5942595 4.5942595 1.1749962 3.5971880 1.4109563 0.9677361 4.5942595 5.1454438 3.6449147 1.4080539 1.1611215 4.5942595 3.6331452 6.1874409 1.1001950 5.8427006 1.7676619 3.8607573 1.1708186 4.5942595 3.5458685 3.9132848 1.3231816 5.4322880 5.1869253 1.2200423 4.5195465 3.7089438 2.0927265 4.8235506 5.0638756 4.7281994 1.1480868 1.4801040 3.7241902 4.3797774 4.9375015 8.2089783 4.0264377 3.7988328 4.6123192 4.9761340 3.4309544 4.6880208 4.4152928 2.9860034 4.0070190 3.8596401 6.5653004 4.2764880 3.2350513 3.4465362 3.5723983 4.8378527 3.6914937 1.8894558 3.5405313 4.6895696 
tr|M1UPJ1|M1UPJ1_CYAM1         3.3818343 3.9218247 3.0267358 4.6302077 3.7782741 3.1255934 3.9099534 3.0525707 4.1431961 3.2271634 2.3763109 3.4229452 4.7742160 3.9583768 3.1074939 4.1047727 3.9231555 1.1185712 2.6942382 3.7731498 3.1494567 2.9764828 3.5742813 2.7788559 2.8698762 3.3830400 0.0000000 2.8527629 4.0161626 3.1718929 3.8949128 2.9425506 3.6457122 3.5637732 3.1065558 3.8452944 4.2635956 3.0815047 4.0786737 3.9198971 3.9198971 4.1050972 3.0815047 4.5806047 2.3874901 4.0461062 3.4889475 2.9264736 3.6180247 4.0844190 3.9231555 3.1255560 4.9815591 4.4536458 4.4283158 4.5905558 0.8169113 4.2248245 3.9331383 3.1058230 2.7770819 3.6838757 5.4574495 3.1591207 4.3124310 3.9187542 3.0680185 4.5445649 4.3819075 4.6053093 4.1849988 3.9475525 4.3123891 3.3622305 3.2514232 3.5215045 4.3044288 3.3412279 4.7892299 4.5143561 3.7735538 3.2081489 3.7644028 2.7125457 1.3766912 2.9187533 3.1879843 4.4014606 2.9771937 1.0117022 2.4324576 2.5179963 3.2486524 2.4604132 4.4909776 3.0648464 3.9774318 
tr|M1UQD8|M1UQD8_CYAM1         3.3475189 4.0647622 2.1681211 3.8552622 3.3694875 2.1598605 3.6572876 2.2544663 3.3383616 2.4113854 3.6999905 4.2861269 5.5309648 3.7376822 2.1686822 4.0034960 3.5635137 3.2194489 2.8647986 3.4887979 2.0338860 3.5825785 3.3865678 2.5061521 3.2469542 4.0858758 2.8527629 0.0000000 4.3041543 2.1227369 3.5512534 2.2584236 4.0051774 2.9772775 2.0881369 3.4506751 3.8168988 2.1717998 4.1445773 3.5497460 3.5497460 4.1291576 2.1717998 4.6548941 2.7221438 3.4192818 3.1936020 2.8084749 3.7862614 4.1571182 3.5635137 2.3079427 4.2538114 3.8018447 3.5178709 4.8653509 2.1557474 3.9036571 3.5693290 2.1827324 2.6831886 3.8822784 5.2618116 2.6753572 3.6609393 3.3995262 2.2347382 3.9385128 3.4413377 3.4306477 3.1743668 4.1424914 5.1179891 2.3677291 2.6878515 3.4583386 4.8734936 3.2079085 3.2672026 3.5150088 3.4770456 2.0878520 2.7897598 2.9844009 2.2691603 1.8594857 2.6208997 4.2473113 2.1800230 2.8072719 2.7861069 2.7933425 3.9246806 2.4884850 5.5009708 2.1008118 3.4841231 
tr|E7F6U3|E7F6U3_DANRE         5.3984321 2.1021410 4.1603729 1.0908877 5.8450394 3.7667779 2.5869594 4.2526801 6.9481746 4.0688528 4.8749715 0.9458337 3.1029115 5.9938355 3.8197000 1.2247790 5.7937789 3.6386896 4.5661061 5.5403792 4.8051376 1.2745085 5.3440227 4.0982316 4.4051420 1.2854145 4.0161626 4.3041543 0.0000000 4.0084210 6.6779784 3.9726222 2.7188515 5.6013089 3.6567832 5.8795766 1.2357621 3.8326266 1.2306746 5.8273768 5.8273768 1.2411330 3.8326266 1.4294848 0.5498139 5.5402805 5.3958128 4.3005749 1.8161276 1.2262696 5.8716264 3.8595551 7.9013106 1.1827019 5.5890018 2.0771170 3.4455654 1.1704668 5.8481572 3.8319793 3.4531690 1.0830377 5.5115553 5.4478763 1.2067163 5.0870145 3.9274490 2.3319725 6.5250525 6.6294915 6.0328310 1.1984917 1.1847372 3.7746950 4.8324839 5.8140997 6.6626479 5.6922704 4.4768869 5.8380736 5.9909210 3.8260219 5.3876514 4.9244792 3.6053616 4.3701382 5.3044991 5.3950581 4.7010303 3.6099786 4.9198978 4.5954853 5.3477084 4.6943491 2.0336438 3.6281602 6.0645045 
sp|F1R777|MTA70_DANRE          2.7038041 4.2866524 0.8700956 4.4662175 2.9390641 0.3823420 3.4725227 1.3541238 3.5306894 0.7643238 1.9577001 3.8100236 4.8152582 3.2216913 0.3846535 4.7160510 3.0269424 2.4544740 2.6122883 4.1543568 1.4641322 3.6548740 2.8049741 0.9573192 2.2280010 3.5148673 3.1718929 2.1227369 4.0084210 0.0000000 3.1712865 0.8110748 4.0246194 2.9861661 0.4092494 3.0139283 4.5502445 0.3901621 4.6372589 3.0344396 3.0344396 4.6663136 0.3901621 5.1337227 2.7762679 3.1210966 3.1099176 0.9818607 4.2755944 4.6090326 3.0482266 0.4196343 3.8108564 4.2589394 4.9454383 5.1804544 2.0451444 4.5424945 3.0308395 0.3960860 0.5279285 3.5577129 3.9236280 2.3526124 4.1753456 2.7848361 1.3751849 3.9549021 3.1717565 3.5786775 3.2616225 4.6066911 4.4191234 0.4901792 1.7509182 3.0293691 4.4379850 1.8032884 1.1342954 3.3407581 3.0319422 0.1926579 3.1171741 2.5389050 2.5226729 2.9729789 1.3696551 5.4577175 3.3607789 2.2532453 3.1122713 3.0896898 3.9151440 3.1194454 4.7863065 0.3939037 3.1926494 
sp|Q6NZ22|MET14_DANRE          0.8895881 5.0492762 2.7323478 6.1756701 0.1646743 3.2499749 5.0880990 3.4582015 1.3766647 3.0881442 0.3902518 5.5356461 6.1742114 0.2097148 3.1120201 6.2353006 0.1839912 3.3008330 1.0198296 5.1833660 3.3501387 4.3407649 0.7381128 3.0546022 0.6505085 5.2000275 3.8949128 3.5512534 6.6779784 3.1712865 0.0000000 2.9888499 4.8424062 0.5631292 3.0008048 0.1672133 5.9835060 3.1310895 6.1738531 0.1821220 0.1821220 6.1767993 3.1310895 6.7498662 4.6929468 0.2497409 0.7503389 3.2845340 5.3303834 6.1925107 0.1838936 3.2447057 0.3604162 5.9628588 4.5306041 6.1197220 2.7034411 5.8412809 0.1812245 3.1254415 2.7948671 4.6929234 6.1651414 0.5603217 5.8385004 0.1500709 3.3118270 5.7405775 1.2942284 1.3422843 1.1422066 6.2130712 6.5375418 3.0893989 3.4954736 1.4718457 2.2856336 3.6130833 4.6713274 0.6803735 0.1418946 3.0408137 3.5337052 1.4807792 3.5000042 3.8486982 3.6418075 4.6806855 4.1986467 2.9388520 3.5596895 3.8575867 4.8403479 3.6586753 7.0315405 3.2187767 0.2050027 
sp|Q9VCE6|MTA70_DROME          2.8059015 5.0076234 0.8698341 4.3748628 2.8939442 0.7893392 4.2384647 1.3115110 3.6367599 0.8085975 2.2187581 3.5787587 4.2665533 3.0646140 0.8153955 4.9029141 3.0459532 2.3513682 2.9238360 4.5861302 1.4752402 3.8495675 2.6310407 0.9321495 2.1928063 3.3315312 2.9425506 2.2584236 3.9726222 0.8110748 2.9888499 0.0000000 3.7997373 2.7359839 0.7987494 2.9667575 4.8579454 0.8116276 4.9398509 3.0428666 3.0428666 4.9637038 0.8116276 5.3483147 2.7650110 3.0910463 2.8045619 0.9504360 4.8920841 4.8970038 3.0391455 0.8423417 3.6924620 4.5164130 4.4205208 4.9501824 2.0510164 4.5167471 3.0352838 0.8176825 0.5461089 3.3708718 4.0273205 2.5633241 4.4616493 2.8483405 1.2426480 4.8130224 3.4179600 3.8461225 3.3311613 4.5996145 4.6956981 0.8560468 1.5083190 3.3949852 5.1586303 2.0438810 1.2351744 3.0802780 3.0382255 0.7677550 3.1622073 2.4892190 2.6688671 3.6348819 1.4576959 4.8499949 3.7334344 2.2757215 3.3147724 3.3815001 4.3715326 3.1604203 4.9135796 0.8042040 3.0863601 
tr|Q9VER8|Q9VER8_DROME         4.5853095 2.9110651 4.1917675 2.6090494 4.6765368 3.8481863 2.8846804 4.1094028 5.6171274 3.8508733 4.5557865 2.0347937 3.1541989 4.9432567 3.8615257 2.5203923 4.6564114 3.3593857 4.6828612 4.7374428 4.0686590 2.3561979 4.4789485 3.9963236 4.4604357 2.3888285 3.6457122 4.0051774 2.7188515 4.0246194 4.8424062 3.7997373 0.0000000 5.2025500 4.0481006 4.7073689 2.4672126 3.8912900 2.6248282 4.6587418 4.6587418 2.6279297 3.8912900 3.1558554 1.6661687 4.6454428 4.6469524 3.8909037 2.4233667 2.6148878 4.6420929 3.9028703 5.9554676 2.5147568 5.2311990 2.8217632 4.0259020 2.6029338 4.6635722 3.8746179 3.6866832 2.0936659 5.8643952 5.2991539 2.3459193 4.2503316 3.7885785 2.6306005 5.1774333 5.4946639 5.0314966 2.6420321 2.6238886 4.0811852 4.8443913 4.2203820 5.8763135 4.9994104 3.7584185 4.8964284 4.8019005 3.8529844 5.6470448 4.4574960 3.1685910 3.8483387 5.0680692 4.9746919 5.0049647 3.5558851 4.3231616 4.6411290 5.6315181 4.2560417 2.4878892 3.8613761 4.8248808 
sp|Q9VLP7|MET14_DROME          0.8289907 5.0848570 2.5060054 5.4880952 0.5465087 2.8846392 4.6091916 2.7514919 1.1206995 2.7598541 0.4274941 5.6244734 5.7352044 0.5109164 2.8973457 5.8817883 0.5665181 2.8751921 1.0185787 4.6690264 2.7762953 4.0719788 0.7379494 2.9212889 0.6116257 4.8557205 3.5637732 2.9772775 5.6013089 2.9861661 0.5631292 2.7359839 5.2025500 0.0000000 2.7937020 0.5464791 5.5467533 2.8953684 5.6602616 0.5676145 0.5676145 5.6069098 2.8953684 6.0436757 4.4735699 0.4915442 0.7335320 2.9926960 5.2027811 5.6572335 0.5684997 2.9584757 0.6489341 5.3659246 4.1799412 5.9484736 2.4830274 5.3308369 0.5632212 2.8897033 2.7291794 4.8489338 5.6453863 0.7132486 5.3475312 0.4083046 2.9973924 5.0098847 1.1904941 1.2537109 1.0940049 5.6385972 6.2406006 2.8609317 3.1163877 1.4259493 2.2225609 3.3379103 4.1346775 0.7559890 0.5884472 2.7465860 3.5076952 1.3027004 3.2179706 3.6345169 2.9788715 4.5174313 3.7285222 2.7295468 3.4267519 3.5464924 4.5982515 3.2954416 6.7562870 2.9955167 0.5702251 
tr|A0A8V0XKP3|A0A8V0XKP3_CHICK 2.5658626 4.3161366 0.8969460 3.9313085 2.7377236 0.2246505 3.7169188 1.3557336 3.3478298 0.7215018 2.0338651 3.6471572 4.5769942 2.8950682 0.2159954 4.4860118 2.7760740 2.3171823 2.6313690 3.9786237 1.3661658 3.7378155 2.7814648 0.9227225 2.1555860 3.6421762 3.1065558 2.0881369 3.6567832 0.4092494 3.0008048 0.7987494 4.0481006 2.7937020 0.0000000 2.8004111 4.2834675 0.2193598 4.2680403 2.7936920 2.7936920 4.3039737 0.2193598 4.6759720 2.8153637 2.8956257 2.8992722 0.9793964 4.2886292 4.2180858 2.8064355 0.2418872 3.3864278 3.9478236 4.2844858 5.4053161 2.0648110 4.1215914 2.7858332 0.2226324 0.4906354 3.5783017 3.8303880 2.2838349 3.8334270 2.6064648 1.3541209 3.9855728 3.1245130 3.3160580 3.0077456 4.0789272 4.2671002 0.4915462 1.6739066 3.0010837 4.2821896 1.7359446 0.9785832 2.9739269 2.9488084 0.4201098 3.1238180 2.4195048 2.3443001 3.1400616 1.4834072 4.3748943 3.2796860 2.2138877 3.2946058 3.0591686 4.0513604 3.1281572 4.4864858 0.3444333 2.9407514 
sp|Q5ZK35|MET14_CHICK          0.8569809 4.6102353 2.5378359 5.4153605 0.0293894 3.0603544 4.8001818 3.3225038 1.2724578 3.0166529 0.3426411 5.0717284 5.7622091 0.1056048 2.9456329 5.3417264 0.0572041 3.3954210 1.0127023 4.7437361 3.1727550 4.1822808 0.6680325 2.9496579 0.6138947 4.4821611 3.8452944 3.4506751 5.8795766 3.0139283 0.1672133 2.9667575 4.7073689 0.5464791 2.8004111 0.0000000 5.3487507 2.9598617 5.3855350 0.0549056 0.0549056 5.3882876 2.9598617 5.9307546 4.3186478 0.1238708 0.7239684 3.2306983 5.3183210 5.3941679 0.0595931 3.0649577 0.2073836 5.2203765 4.5465507 6.1274065 2.5959245 5.1630051 0.0620110 2.9545742 2.8204338 4.8644228 5.7819853 0.4987545 5.1175815 0.0244504 3.2202819 5.3009415 1.2806146 1.3016568 1.1114627 5.3665193 5.9514902 2.9546821 3.3612573 1.3405003 2.2885259 3.5485387 4.8117974 0.6958133 0.1636939 2.9145441 3.5895404 1.3756141 3.3928089 3.6748394 3.3667720 4.5203824 4.0399608 2.9162151 3.6182225 3.7625523 5.0983923 3.6326259 6.3458250 3.0373350 0.1340820 
tr|A0A8V0X8X1|A0A8V0X8X1_CHICK 5.2892362 1.9940974 5.0501075 0.7051760 5.2171735 4.4269126 2.6996616 4.9348219 8.1141080 4.7593509 4.7208413 0.8750728 3.2330636 5.6285952 4.3965947 0.7349578 5.4235822 4.3371827 4.7824213 4.7592255 5.2275603 1.1858988 4.6615747 4.3467180 4.0519484 1.1946125 4.2635956 3.8168988 1.2357621 4.5502445 5.9835060 4.8579454 2.4672126 5.5467533 4.2834675 5.3487507 0.0000000 4.3560662 0.7225621 5.4801566 5.4801566 0.7299543 4.3560662 0.8826281 0.2659643 5.5782397 5.7747733 4.2191514 1.7275672 0.7166285 5.4735787 4.4179538 7.0093637 0.7515656 5.7918088 2.2889475 4.0434151 0.8445635 5.3991701 4.3715056 4.1657158 1.0335857 5.7185629 4.9896033 0.6800674 4.8573780 4.3241316 2.4224784 6.7992093 6.4534342 5.9355528 0.6901804 1.2364213 4.2006857 5.3873206 5.2155569 6.1186152 5.8929135 5.6318670 6.1491622 5.4407104 4.2976155 5.0006602 4.8898024 4.2662383 4.5746475 5.3838768 5.6492820 5.1255638 4.0210434 4.4184326 4.5250197 6.0059634 4.7854288 1.9088758 4.1396274 5.6774580 
tr|G3QT25|G3QT25_GORGO         2.7125378 4.2676839 0.8481661 3.9754553 2.9082713 0.1403035 3.5370905 1.3803369 3.5978766 0.7053188 2.0092041 3.7358040 4.4784463 3.1015981 0.0154450 4.7170327 2.9342026 2.3274210 2.6849961 4.0120289 1.4836308 3.7360603 2.7499286 0.9416432 2.1418951 3.5971880 3.0815047 2.1717998 3.8326266 0.3901621 3.1310895 0.8116276 3.8912900 2.8953684 0.2193598 2.9598617 4.3560662 0.0000000 4.5765704 2.9531018 2.9531018 4.6100594 0.0000010 5.0781929 2.7719932 3.0773433 2.9741237 1.0214661 4.3623623 4.5151808 2.9827947 0.0653533 3.6875035 4.0699636 4.3136089 5.0815309 2.0308567 4.3038152 2.9690428 0.0311791 0.5597826 3.7094434 3.6977710 2.2494005 3.8712669 2.7590713 1.3293637 3.8874364 3.2134962 3.4873674 3.0926750 4.3798166 4.2775633 0.5349848 1.6602141 3.0133266 4.4992302 1.7332206 1.0386156 3.1772499 3.0444426 0.3889011 3.0159471 2.4797448 2.4714435 3.0290043 1.3796246 4.6285041 3.6004001 2.1838203 3.3676109 3.1735335 3.7643510 3.1972865 4.5094257 0.2631532 3.1715541 
tr|G3QF59|G3QF59_GORGO         6.0341418 1.8973955 4.4178034 0.8232873 5.3909699 4.6828531 2.7810072 4.9789837 7.9441879 5.0284929 5.2988398 0.8544766 2.9423767 5.6148288 4.5725183 0.1899313 5.4687472 4.5241874 5.1464268 5.2595679 5.2070516 1.1737611 5.1973738 4.6105262 4.5490907 1.1480868 4.0786737 4.1445773 1.2306746 4.6372589 6.1738531 4.9398509 2.6248282 5.6602616 4.2680403 5.3855350 0.7225621 4.5765704 0.0000000 5.4951288 5.4951288 0.0106981 4.5765704 0.0515075 0.0227003 5.7797531 5.7722222 4.4744346 1.8882536 0.0281255 5.4888366 4.5843356 7.8365223 0.5041704 5.7738881 2.3748719 3.3809160 0.3207027 5.4380350 4.5886968 3.6640502 0.9456144 6.3704056 5.5574031 0.6422848 5.2496406 4.7335908 2.6533738 6.1824591 7.2031927 6.4836903 0.0000010 1.1577250 4.4080423 5.6629499 5.2990185 6.7726620 5.3521026 6.7099118 6.3822236 5.7524148 4.6626862 5.7926627 5.0843171 4.0500333 4.4569303 5.1786557 6.4611219 5.1326739 3.9314589 4.3979101 4.3767171 5.8381631 4.4165377 2.0673780 4.5987806 5.7016081 
