188
tr|A0A1X7T422|A0A1X7T422_AMPQE 0.0000000 1.7714441 2.1279598 0.1595186 2.0034598 3.3834519 2.2396248 2.4689711 1.9359364 0.1220325 2.3861211 2.3637685 4.1744572 2.2358399 2.5997586 1.6424363 3.5515368 2.0121491 4.7741667 2.1366266 2.3294576 1.5113159 2.2814580 0.5841217 2.3400574 0.7883266 4.6235393 4.9540467 3.1836254 3.2270772 3.3732871 1.4246350 4.2747541 3.4387660 2.6882291 3.2916090 2.7353601 4.2010730 0.7441740 1.9125122 3.2991567 2.9483851 3.2613462 0.8897841 2.8425346 4.7927246 2.8195694 4.5267214 0.8650302 1.5358651 2.6206678 5.0133981 3.3514336 0.9503572 3.2219911 4.8829702 3.9142453 0.9266692 2.8574458 4.4168781 4.2904577 4.6983810 0.8549970 5.4794819 2.8325722 3.8350758 4.2658834 4.4629646 4.5345170 3.6771958 3.8405451 3.3584032 4.6953690 4.1242316 3.1114066 3.0463478 4.4244264 1.5594440 3.2553316 3.2548434 2.8327301 5.0053159 0.8850735 3.4490591 2.8120316 0.9535414 4.5679840 5.4845071 4.5679840 4.4681536 2.8120316 0.9535414 1.0087193 1.0019154 0.9700548 5.1155819 3.6139860 1.1657027 0.9212468 2.8120316 4.5679840 4.9935227 0.9245350 2.8436551 4.0555609 1.4068514 4.9473995 3.8186346 4.2537217 4.3643705 4.5488788 2.9106979 3.5742559 3.1244745 4.4108260 4.4673642 4.1028082 2.8436551 0.9765409 4.2203860 4.5932409 3.5880616 3.3860119 4.8314294 3.0219247 2.9244257 3.3451187 3.2198578 0.8410337 3.6396939 4.0819315 0.6566751 2.8436551 4.0811032 4.3946250 2.9278468 3.8057492 4.2075184 1.4740981 3.6508467 2.9262116 3.5396121 4.5679840 0.9535414 2.8120316 4.0202200 5.1213624 2.9899277 2.8933766 3.6956946 2.9288163 3.9568250 4.0510750 4.3410216 4.7204538 5.2086457 1.0383015 1.0772564 3.2480181 3.2968899 4.4072068 2.7202622 4.3896160 3.6288313 0.8536463 2.4314606 5.0514914 4.0149963 4.4434689 2.7912836 2.7832599 4.4947697 1.1627558 3.3478760 3.6985044 5.2217728 2.5446153 2.9676745 2.5379717 4.0268792 3.5524951 0.8478632 5.8754769 4.1977374 2.8361335 0.9312616 4.0298984 5.1160897 
tr|A0A1X7T8X8|A0A1X7T8X8_AMPQE 1.7714441 0.0000000 1.1811381 1.4575430 0.9434137 0.1591495 1.0926919 1.3498796 1.1969620 1.6028368 1.2241583 1.6661455 4.8073403 2.7386009 1.7145051 2.0303301 1.1192074 1.3620003 3.6583320 1.4467751 1.2282966 1.1527466 1.0747395 1.8286665 1.2520125 2.0099710 3.4732828 4.6465789 4.7717915 4.3979832 4.6905780 2.0315281 4.3478585 4.7137214 3.6072706 3.4832732 2.4709894 4.0950324 1.8104824 1.8676435 3.1799929 4.3308640 4.4480142 2.0661679 3.1835839 4.3858308 3.1453782 4.6956605 1.7527565 1.7042789 3.6223590 5.6469115 4.2970584 1.9442463 3.5311265 4.4098544 3.4708259 1.8900371 3.2467766 4.5603411 3.9047347 5.0152843 1.9055757 4.6438746 2.9078631 3.6790634 5.2772050 4.6057041 5.2763664 5.8288561 5.0222863 3.8543476 3.5361142 3.8769823 3.7361752 3.6646168 4.5273005 2.0366518 2.9007700 4.5913453 3.2726644 4.5755962 1.8494764 2.5772398 3.6036338 1.8999152 4.6492757 4.4631464 4.6492757 3.1858832 3.6036338 1.8999152 1.3180305 1.3579192 1.8264671 3.2759613 4.6473308 2.4017010 1.8612429 3.5890154 4.6492757 4.7081343 1.8377601 3.7251051 3.7293627 1.3678107 5.4704961 3.1938586 4.4996942 4.3482647 3.2151439 2.3448731 3.7010006 3.1457111 4.6582403 4.9817347 3.1411223 3.3876106 1.8817632 3.9372101 3.2377927 3.8967703 4.4884625 5.0938570 2.8460527 3.3298920 3.5360573 2.5821435 1.6637696 3.5000044 3.1068451 1.7706946 3.6729246 3.7625435 3.5280241 3.8257459 4.9689366 4.0909018 1.9630683 5.1300589 3.9800634 4.5243985 4.6492757 1.8999152 3.6036338 3.1846282 3.0354309 4.3566559 3.0246987 3.4589694 2.9856500 4.9138162 3.1486372 3.2800570 5.2363385 4.1414182 1.7464339 2.3420686 3.5755333 2.9238726 3.6450529 4.0957955 4.1909229 3.1115730 1.8289480 2.4180413 4.8680519 4.0655555 5.2384625 2.6995840 2.7988745 4.5977946 1.5646744 4.5899953 4.6133503 5.6721540 2.8097009 4.2660305 2.4248695 3.8681666 3.0415237 1.4837843 5.1370217 5.4348635 3.1357739 1.8667827 3.2452999 4.7801470 
tr|A0A1X7T8Y5|A0A1X7T8Y5_AMPQE 2.1279598 1.1811381 0.0000000 1.9542989 0.9505339 1.2716512 1.0012924 0.5099935 0.1902182 2.1803506 1.0667525 1.6549071 5.1941681 2.4865836 1.7171278 2.1866619 0.1091419 1.1763325 3.9280863 0.4691665 0.9328960 0.3198502 0.0579279 1.8137088 1.0209953 1.7677325 3.0073683 3.7667744 4.2730933 4.4981943 4.9656964 2.1087948 3.6084178 4.5768376 4.1832642 2.6168848 2.6572656 2.9500304 1.7377324 2.0859886 2.6271186 3.0498827 3.3549688 1.9907169 3.0794640 4.0775880 3.2351243 3.7705690 1.6254288 1.7695944 3.2449276 5.0406736 4.2234398 1.9480969 3.2063934 4.0455432 3.2246227 1.8910720 2.6884400 4.7786668 4.9213225 4.0231927 1.9550397 4.3586521 3.3650221 3.4345284 3.2755341 3.2916364 6.6539439 4.3007062 3.9378808 2.9908758 3.6181224 3.2658715 3.1814280 3.2918710 4.6408667 2.0766408 2.6974533 4.4607669 3.1848442 4.1755460 1.5809631 2.5840156 3.6138109 1.7027599 3.8017477 4.3582370 3.8017477 3.1017877 3.6138109 1.7027599 1.2158860 1.2553784 1.7034898 3.9302648 3.6964003 1.7883230 1.6805150 3.6155913 3.8017477 3.7515036 1.6391230 3.4259323 3.1931314 1.3488695 4.3950592 3.2567103 4.5927776 4.3134253 2.8126875 2.6558540 3.6070531 2.8100226 4.8229773 4.0084331 3.1343773 3.3527431 1.6956250 4.0024185 3.1110319 4.4727174 3.9173587 4.4107993 2.8560492 3.2958519 2.6830196 2.1056202 1.5936915 3.1806570 3.4402674 1.7584152 3.6289125 3.2870759 3.7451681 3.6807148 4.5960853 3.8388347 2.0336170 4.5681506 4.3912687 4.3612503 3.8017477 1.7027599 3.6138109 3.4367745 3.8298969 4.1419921 2.3410569 3.1427081 2.8418959 3.9658484 2.7153172 3.5651046 5.5829860 4.3016429 1.8930890 2.3339469 4.0487276 2.7296336 4.0972606 4.0844045 4.2382030 3.4735920 1.8144756 2.7101265 4.2603576 3.1006121 4.9367187 2.6386098 3.0711847 4.6199611 1.7208071 4.0409399 4.2683351 5.5609248 2.5811020 4.2736366 2.7238236 3.9787633 3.1692395 1.4120406 4.7611215 4.1994928 3.3850091 1.5511527 3.7509164 4.4773358 
tr|A0A1X7T9A4|A0A1X7T9A4_AMPQE 0.1595186 1.4575430 1.9542989 0.0000000 1.9992462 0.0000010 2.1593570 2.3519875 1.6557864 0.1034624 0.0000010 2.1027767 3.8228652 1.5011883 1.7686845 1.4468619 0.0000010 1.7602871 4.3938012 1.7671360 1.9312436 1.1791998 1.8966572 0.7060005 1.8068077 0.6964075 3.3983788 3.9661158 2.0881639 2.0856405 3.1963722 1.3069814 3.4822028 2.9243702 1.5255147 2.3487916 2.0729940 3.3945755 0.6426892 1.7415256 2.7339683 2.3251075 3.0984700 0.7518503 2.9704663 3.9371702 2.9168748 3.6268051 0.7320265 1.3165071 1.8101247 3.1992973 2.4424304 1.0030576 3.5811710 3.5442642 4.2897645 0.8816500 2.4214443 3.2586881 3.5422135 4.5619748 0.7531539 4.4942522 3.0648866 3.0035397 3.0313390 2.6259190 3.8005261 2.5752370 2.9279697 2.7459899 4.7614184 3.2242042 2.5445074 2.4774162 3.4746006 1.4459087 2.3276833 2.1863419 2.9673528 3.9731345 0.7322837 2.9491979 2.9410157 0.8170974 3.6700674 4.1025668 3.6700674 3.4176938 2.9410157 0.8170974 0.7263317 0.7159156 0.8170974 3.4714242 2.9319888 1.0373243 0.7964405 2.9410157 3.6700674 3.9357023 0.7453098 2.9410157 3.2033396 1.1450594 3.8453581 3.1606950 3.5323400 3.0523028 3.6754545 2.0897476 2.8439043 2.7314019 3.8212557 3.5674413 3.4645493 2.9410157 0.7870056 3.3012156 3.1203387 2.3096867 2.9899720 3.4583515 1.7631219 1.8800490 2.5523778 2.1540844 0.7891011 2.7890434 3.3623544 0.5548325 2.9410157 3.1146675 3.4582297 1.7915028 3.4709123 3.1257944 1.2910681 3.2859821 1.7892728 2.2416840 3.6700674 0.8170974 2.9410157 3.4217253 4.5566100 2.1095717 2.1137511 2.6947893 2.5530589 2.9235141 3.2000052 4.5000413 4.2377241 3.8295971 0.9034486 0.8265370 3.1558690 2.1605890 3.6061582 1.8402786 3.6039042 3.1924721 0.8104033 2.5281137 4.0605459 3.1497785 3.3767870 2.4411989 2.1297848 3.4629137 0.8985932 2.8896680 3.1989977 5.4598777 2.2640084 1.3988034 2.3322851 2.8599029 3.2534624 0.7933413 4.2150019 3.3385867 2.8457437 0.7981988 2.8065160 4.1540761 
tr|A0A1X7TJ93|A0A1X7TJ93_AMPQE 2.0034598 0.9434137 0.9505339 1.9992462 0.0000000 0.7541098 0.6115186 0.7755513 1.0834733 1.7054974 1.2188793 1.7332079 4.1303567 2.2106627 1.4257137 1.5850865 0.9995543 0.8957620 3.1560176 0.9811803 0.8062283 0.9033246 0.7749369 1.4182133 0.8911192 1.6531413 3.5050205 4.3117718 4.5032451 4.8816486 4.6582115 2.2317674 4.1800683 3.5722147 3.4733085 3.0403296 2.1252397 3.1816016 1.7588538 1.9876763 3.0412982 3.0227271 3.7482470 1.6838184 3.1937576 4.3839105 3.1589114 4.0185876 1.3779823 2.5601748 3.7345905 4.9444548 3.9375171 1.3132496 3.4595675 3.9500822 3.5430145 1.3401484 3.1171377 4.3631722 3.9891018 4.3198366 1.5641052 4.3112848 3.1861843 3.1512543 4.0932997 4.2805672 4.4040782 4.4502399 3.6798257 3.2644273 3.6481127 3.3317951 3.4182507 3.2437896 3.3039247 1.4474197 2.7952704 3.5586276 3.1981083 3.9832901 1.2490909 3.6057789 3.1542553 1.5089050 4.0386664 4.1164082 4.0313368 3.3929377 3.1672982 1.3967479 1.1254007 1.1445831 1.3747435 3.8202539 3.9745397 1.5853963 1.5071157 3.0950114 4.0138451 3.9419222 1.4247900 3.0111478 3.3460332 1.4594770 4.1719036 3.9245554 3.6104683 3.4105185 2.8775290 2.5542371 3.8435333 2.7575162 3.7787983 3.9631034 3.3870843 2.9845242 1.3256737 3.4364547 3.2690116 3.5322697 4.1634556 4.0446594 3.0175971 3.7134784 3.0897731 2.3680139 1.5008279 3.6458750 3.2066786 1.6718632 3.3306841 3.5051338 3.0263207 4.0332157 3.8125235 3.8106928 2.1582239 4.2217707 3.8651892 4.6302482 4.0386664 1.5089050 3.1672982 3.5784251 3.8238943 3.7553393 2.7944684 3.0562348 3.1305696 3.8779895 2.7908633 3.5859912 4.1951217 3.4457700 1.3911773 1.6657534 3.8237029 2.6840229 3.9468596 3.7466932 3.5796929 3.3842571 1.4414692 3.0300546 4.6382132 3.5135156 3.7170753 2.8549631 3.2321435 4.0884961 1.3651228 3.4164473 4.8899259 4.9740206 2.2401493 3.3550108 2.0074373 3.5905244 3.1950871 1.1595798 4.2495992 4.8605110 3.2424244 1.4201665 3.6605277 4.0084811 
tr|A0A1X7TJB9|A0A1X7TJB9_AMPQE 3.3834519 0.1591495 1.2716512 0.0000010 0.7541098 0.0000000 1.0590653 1.3026960 0.0000010 3.3834519 0.9998611 2.8441454 8.9999985 3.3665443 1.5820208 2.0656760 1.0742990 0.9153118 9.0000000 1.4670559 0.9323398 1.2714748 0.0000010 2.4217947 0.7623191 2.7713831 7.3046166 8.9999984 8.9999984 5.5943325 9.0000000 4.5917677 8.9999984 8.9999989 5.5869281 6.6859824 4.3828092 8.9999988 3.5623459 6.3472280 3.1796484 8.1555305 8.9999987 4.3529821 4.4407141 9.0000000 4.2739960 8.9999980 2.1888254 1.4837375 8.8264639 8.9999990 8.7765646 2.3808378 8.9999988 9.0000000 8.9999982 3.5230740 1.9765413 6.4285200 9.0000000 7.7941030 3.6436265 8.9999989 9.0000000 8.9999983 8.9999989 6.5820308 5.9818808 8.9999983 8.9999989 7.4503877 8.9999989 8.9999987 7.9083732 7.9083732 5.9782696 4.0191096 5.3646856 4.5479351 5.0977165 8.9999986 1.6272502 5.5655839 6.8350837 2.0899173 8.8335680 6.7423415 8.8335680 8.9999986 6.8350837 2.0899173 0.0000010 0.0000010 2.3085816 9.0000000 7.0463378 4.4933365 2.0899173 6.6675270 8.8335680 9.0000000 1.7762467 7.8303908 8.9999983 0.0000010 9.0000000 4.4823174 6.2113112 5.5620940 5.6712982 0.0000010 9.0000000 5.8264504 8.9999990 8.9999986 7.0723243 6.0132678 1.9535934 5.6440303 8.9999988 4.3735596 7.3378289 8.9999988 2.6218073 3.6454349 8.9999990 0.0000010 2.0911204 2.9516000 9.0000000 2.2079922 7.1572708 8.9999990 0.0000010 6.2512846 9.0000000 8.9999985 6.2608510 9.0000000 5.7258122 8.6501819 8.8335680 2.0899173 6.8350837 8.1360265 6.6262468 5.7047659 5.7671084 4.1367627 4.9569844 8.4159317 2.9810258 3.2489860 8.9999988 6.4935359 6.3401360 6.6790085 7.5162812 6.3549363 3.3242843 4.1876892 7.0972377 8.9999981 3.4106816 2.3444656 8.9999989 6.3834385 8.9999985 6.2690187 8.9999988 8.8077534 2.6847684 6.5649027 7.1920284 5.8918735 3.7656920 6.8032303 6.2534811 9.0000000 4.4685346 0.0000010 9.0000000 4.1313449 4.8540848 1.7559408 8.9999988 8.9307414 
tr|A0A1X7TJE4|A0A1X7TJE4_AMPQE 2.2396248 1.0926919 1.0012924 2.1593570 0.6115186 1.0590653 0.0000000 1.0852751 1.2332146 1.9250828 1.0325934 1.8540459 4.1880613 2.3953965 1.6358246 1.6978221 1.0390442 1.1232927 3.6724101 1.1882384 0.7981526 0.9509411 1.0689676 1.6503455 0.9063408 1.7289998 3.3715569 4.1957910 5.1975395 4.6886028 4.1405451 2.2699291 4.1093548 3.3426449 3.1880811 2.9263587 2.0668317 3.1762976 1.8382586 1.9575817 3.1429950 2.9108839 3.7450580 1.6360698 3.4765188 4.3635918 3.1737894 4.0234434 1.4280902 2.9002169 3.5941282 4.8989950 3.8253136 1.4560260 3.9316830 3.5498352 3.6380773 1.3702514 3.3715772 4.6356521 4.2445992 3.9805282 1.5759954 4.7802819 3.1880182 3.2061196 3.9497099 4.6455315 4.3549325 4.6650689 4.2700612 3.4606453 4.0383677 3.5143967 3.3002039 3.1772428 3.2333327 1.7171631 2.6357813 3.2556842 3.3592579 3.6685265 1.3406360 3.2342253 3.2507129 1.5111510 3.8929252 4.2548752 3.8857118 3.6116339 3.2776509 1.3626388 1.0115694 1.0280128 1.3516165 3.5780503 3.9325499 1.5661421 1.4893402 3.2560811 3.8773418 3.9028260 1.4763240 3.2443542 3.3518783 1.4712383 4.3729111 3.4830645 4.1292099 3.7631790 2.7404767 2.3010953 3.7356499 3.3875791 3.6593094 3.9022836 3.4891854 3.2651193 1.3460425 3.4683128 2.9282706 3.2259824 3.9766518 4.0127829 3.1706635 4.0085563 3.0348150 2.3714396 1.6199796 3.7942288 3.7148941 1.7447254 3.3020307 3.6938294 2.9928522 3.8880549 3.5637811 3.7659487 2.3537479 3.6545301 3.9214210 4.9703003 3.8929252 1.5111510 3.2776509 3.6652050 4.2261599 3.6145449 2.5967838 3.3371785 3.3709504 4.6147269 2.7671952 3.8806064 4.1177245 4.2184918 1.5494731 1.8653697 3.4500943 2.7131395 3.4166150 3.6490506 3.5962483 3.2992279 1.5986356 3.3393935 4.3867833 3.5164066 4.2307511 3.6241287 3.0679811 4.0756727 1.5437208 3.2505626 5.3425966 4.8319496 2.3854111 3.4189826 1.8052447 3.3382996 3.4149934 1.2749759 4.3354589 4.4338303 3.3911356 1.4756518 3.5093660 3.4321487 
tr|A0A1X7TJE9|A0A1X7TJE9_AMPQE 2.4689711 1.3498796 0.5099935 2.3519875 0.7755513 1.3026960 1.0852751 0.0000000 1.2068784 2.3389797 0.8203306 1.5568860 4.4405434 1.9897341 1.6614427 1.8046415 0.3310694 0.9806027 3.5973203 0.7095560 0.5631976 0.4412195 0.8063858 1.8118598 0.8251422 1.6643116 3.4341850 3.4412169 4.6601542 5.4229266 3.7024611 2.2695331 3.2105509 3.4029035 3.5280601 2.4222089 2.3405832 2.3794595 2.1268739 2.2553471 2.6612338 2.5676778 2.9715688 1.8419294 3.3799504 3.5234661 3.1325006 3.4912945 1.5535902 2.9397769 4.0750206 4.3345603 4.2904690 1.6004350 3.6005128 3.5853194 3.2104739 1.6595714 3.1334927 4.7167792 4.2335563 3.7266096 1.7124089 3.8367383 3.1058689 3.3706821 3.3753870 3.7860751 5.0392112 3.8536215 3.1630104 2.9840867 3.5314953 2.8533294 2.9599496 2.8128375 3.2142921 1.8016905 2.5388120 3.6646378 3.3318568 3.3593485 1.3653145 3.6935552 3.1772004 1.6280598 3.4716548 3.3697810 3.4925803 3.4972349 3.1891944 1.5058972 1.1565090 1.1762574 1.4980456 4.4794292 3.6491708 1.7093156 1.6134522 3.1466459 3.4572452 3.4712139 1.6204738 3.0877693 3.2551306 1.6200192 3.5270024 3.7641425 4.1655077 3.3007876 2.6947341 2.6063391 3.8214128 2.7527909 3.7954347 3.2533418 3.2759227 3.0852931 1.4667546 3.0350570 2.6840434 3.8927095 3.2223775 3.5398577 3.0895642 4.0197679 2.5557169 2.2890282 1.8805545 3.5462960 3.2229437 2.0146290 3.3407346 3.2370395 2.5510366 4.6434914 3.4389267 3.1962204 2.3257412 3.6352854 4.5624411 4.6888040 3.4716548 1.6280598 3.1891944 3.7510225 4.9265250 3.9416792 2.3892048 2.5351201 2.9108593 3.9986462 2.7288895 4.0244922 3.7711277 2.9932395 1.6537867 2.1730364 3.9579526 2.8554716 4.1437812 4.0038071 3.1701331 3.4763326 1.5708340 3.0541440 3.4176545 3.1217480 3.6045784 3.2440955 2.9335362 3.2772062 1.6794481 2.9568172 4.8591011 5.1119120 2.4307903 3.6517134 2.2453975 3.1880672 3.5356893 1.2903260 3.8015615 3.6136159 3.3628360 1.5442221 3.7347969 3.0032300 
tr|A0A1X7TJK6|A0A1X7TJK6_AMPQE 1.9359364 1.1969620 0.1902182 1.6557864 1.0834733 0.0000010 1.2332146 1.2068784 0.0000000 1.8495161 1.6102246 1.4477419 4.0506379 2.4818870 1.8331360 2.1486262 0.1653910 1.4731228 3.5429471 0.6741684 1.1736908 0.3168019 0.2648190 1.6693492 1.2486014 1.5621556 2.9469444 4.1707222 3.2479525 3.3405450 3.5100694 1.7115407 3.1418991 3.4977650 3.4032877 2.6201482 2.8479025 2.7440882 1.5717445 2.0593423 2.8879872 2.6660473 3.3834554 1.6833305 3.3488367 3.8928177 3.1402068 3.9263415 1.4978619 1.7580651 3.3864232 4.7638996 3.8119600 1.9273972 2.7564324 3.5106907 2.9519055 1.7838542 2.4636607 5.7140050 3.4162614 4.0304638 1.5928170 4.5024258 3.1602954 3.3833187 2.2423651 2.5047570 4.6365997 3.5081759 3.3150919 2.4909823 3.7118036 2.9312107 2.6861146 2.8871842 5.1581673 1.9246676 2.7461682 3.9465271 3.0855190 4.2226842 1.5403380 3.0637109 3.2154128 1.4958014 3.9714076 4.6504464 3.9714076 3.2138561 3.2154128 1.4958014 1.3443187 1.3864713 1.4958014 3.9687509 3.8398590 1.6148480 1.5459922 3.2154128 3.9714076 3.9530853 1.5967265 3.2154128 2.9646050 1.4020348 3.1657306 3.1060241 4.1509305 4.0435140 2.4945851 2.4678433 3.5614344 2.8397315 3.8773088 4.2688830 3.1222912 3.1625757 1.4513632 4.1788232 3.0203127 4.4410544 3.4394879 4.3037388 3.4790846 3.2682413 2.5975749 2.4355170 1.5432560 3.9394494 3.1577695 1.6362669 3.2154128 3.2448580 3.7994669 3.2472791 3.3933962 3.4299515 1.5810423 3.4196619 3.3060636 3.4543983 3.9714076 1.4958014 3.2154128 3.4960783 3.9655698 3.7119243 2.2898611 3.1443779 2.9206912 3.1351480 2.6469092 4.1957013 4.2864163 3.6950459 1.7354713 2.2537921 3.6773632 2.1679026 4.2861263 3.2393925 4.0735077 2.9430860 1.6858603 2.9428439 4.2415739 2.8181119 3.7712034 2.4534820 2.8124514 4.1141257 1.5267987 3.5073348 4.4830926 6.6071891 2.5166341 3.0651807 2.5181804 3.6531672 3.4269053 1.6031907 5.3019538 4.3649067 3.3617096 1.5570309 3.6068976 4.4694132 
tr|A0A1X7TK11|A0A1X7TK11_AMPQE 0.1220325 1.6028368 2.1803506 0.1034624 1.7054974 3.3834519 1.9250828 2.3389797 1.8495161 0.0000000 2.3914234 2.3275774 3.1914623 1.7518689 2.3278073 1.2676141 3.5515368 1.8467838 4.4679413 2.0044017 2.2045783 1.4446171 2.1398882 0.2692913 2.1098413 0.5353692 4.3190879 4.0305916 2.7744858 2.7315563 3.2763635 1.0574749 2.9092593 2.9642674 1.9734399 2.6274971 1.9546895 3.4287347 0.5088465 1.6381319 2.8118867 2.4626695 2.9510657 0.6103230 2.4227033 3.8063755 2.3969317 3.9243818 0.5773703 1.1728624 2.6840039 3.8873306 2.8651904 0.6178247 3.1509343 3.5625501 3.5788478 0.5976242 2.4869983 3.3847003 3.3328967 3.4564241 0.5897145 4.4940580 2.4762123 3.7555176 3.2040531 3.1784144 3.7509402 2.6578340 3.2160283 2.5749273 4.0499091 3.3842950 2.5622074 2.5386933 3.4579711 1.3241724 2.6885339 2.6749231 2.4084265 4.1244323 0.6152028 3.2909846 2.4228046 0.6606737 3.9788214 3.6352899 3.9788214 4.3528751 2.4228046 0.6606737 0.5783841 0.5635437 0.6738133 4.1749661 3.2024841 0.9457411 0.6280758 2.4228046 3.9788214 4.0884327 0.6190256 2.4228046 3.8752334 1.1503109 4.0897254 3.1681121 3.4250278 3.4692468 2.9840293 2.4934580 2.8264106 2.5155439 4.0062103 3.8653086 4.3054997 2.4228046 0.6874303 3.2150393 3.6327464 2.9385054 3.2826392 3.5618017 2.3645083 2.5896065 2.0439269 1.9262361 0.5878581 3.0296346 3.6781455 0.6367850 2.4228046 3.7780920 3.8443876 2.4165789 3.0261252 3.1485107 1.0924704 2.8931765 2.4336995 2.7343295 3.9788214 0.6606737 2.4228046 4.0272259 3.7345717 2.4673174 2.3819323 2.5915482 2.6731215 2.9067494 2.8923245 3.4951267 4.1073684 4.2585653 0.8007209 0.7634835 3.4988639 2.5230382 3.5469524 2.1714389 3.5047253 3.3718250 0.5895696 1.9747166 3.9918899 2.8839040 3.6145947 2.0668786 2.2179256 3.3921463 0.8404716 2.4594845 3.3032454 4.4564112 2.3378718 2.2035658 2.1597674 3.0264937 3.3717675 0.5629509 4.4893811 3.5965973 2.3436175 0.6910257 3.6289010 4.0937983 
tr|A0A1X7UP02|A0A1X7UP02_AMPQE 2.3861211 1.2241583 1.0667525 0.0000010 1.2188793 0.9998611 1.0325934 0.8203306 1.6102246 2.3914234 0.0000000 1.3090534 8.9999990 4.6588336 1.7965955 4.5532842 1.0242395 0.7469263 8.9999980 1.3822360 0.5825906 1.0873731 1.3121116 3.3301896 0.7787816 3.3652789 4.1775998 7.0719085 8.7665003 6.9896746 9.0000000 3.1152716 8.6710849 9.0000000 4.2115186 4.8261575 6.4848216 7.4562400 3.4390989 4.6897166 3.0927226 8.4255902 8.3605181 3.6000618 6.4022135 7.4934034 5.3552260 7.8383211 3.6799352 3.1674820 9.0000000 9.0000000 8.9999985 3.6941052 6.8480447 9.0000000 4.4975920 3.8821141 4.8213272 8.9999983 9.0000000 8.0240356 3.8543033 8.9999987 9.0000000 6.2534256 6.0741317 5.7243814 8.1180166 5.8780999 6.3911972 5.1994086 7.2161627 6.6886403 4.2898943 4.2898943 5.3512571 3.5138088 5.1955433 5.2500866 6.9378513 8.9999983 3.4314983 4.3920841 8.6139758 4.2569094 7.7376695 5.9432891 7.7376695 6.9270404 8.6139758 4.2569094 0.0000010 0.0000010 4.3880819 8.9999984 8.9999981 3.5598661 4.1209517 7.3861333 7.7376695 8.9999983 3.9306337 7.1192865 5.2082873 3.4070234 6.4977975 5.7159084 6.3938649 8.3198763 3.2611513 4.1943936 6.7085187 5.6043272 5.6532814 7.7600302 7.0907466 7.3446476 4.3443711 4.7279507 5.2285628 4.9506407 4.5584562 6.1983530 2.8611076 3.9626644 8.9999987 0.0000010 2.8121323 3.7431837 6.0088717 3.9654873 8.3611048 7.1506478 8.9999989 5.8331077 9.0000000 9.0000000 4.5785841 9.0000000 5.1467344 8.9999988 7.7376695 4.2569094 8.6139758 6.2255384 4.0589440 5.2027453 3.7273445 3.5153756 5.0272735 9.0000000 7.2682025 5.6219020 8.9999988 8.9999989 3.6118521 3.6522194 8.9999986 7.5804262 6.8394123 5.0449246 8.9999988 5.3296258 3.6861322 3.8838274 8.2141919 7.1693607 8.9999986 5.1033131 5.7001283 8.9999987 4.5250093 6.1537552 5.5047213 6.6823728 6.7258676 5.3290692 4.4550954 7.7493726 5.5334750 4.3245779 9.0000000 9.0000000 7.6416859 3.2056256 7.9265214 8.7161102 
tr|A0A1X7UTN9|A0A1X7UTN9_AMPQE 2.3637685 1.6661455 1.6549071 2.1027767 1.7332079 2.8441454 1.8540459 1.5568860 1.4477419 2.3275774 1.3090534 0.0000000 3.4963233 2.2555270 2.1992879 2.1141762 2.0807904 1.6023034 3.9797718 1.9462327 0.8285299 1.4791073 1.5457794 2.2017120 1.3139281 1.9556105 3.7346873 3.8166712 5.3259501 4.5220709 3.2560434 2.5362038 3.1320254 2.8903536 2.7427951 2.6743260 2.2767746 2.8624844 2.6176531 2.3251720 3.5278931 2.5565427 3.4496373 2.1564967 3.9081006 3.8072314 3.5794366 3.1709765 1.8705575 3.1717236 4.4118006 4.3946313 3.5263500 1.9769410 3.7848301 3.7264876 3.8774436 1.8628275 3.7086739 4.1952915 4.0944153 3.7905291 1.9218546 4.0626568 3.7734108 3.4444069 4.6496949 6.4749368 3.8263420 5.4069619 4.2770211 3.6458842 3.9117678 3.5353184 3.6517800 3.1695074 3.4648416 2.0260929 2.3670618 3.0117668 3.8670638 3.6070677 1.6112629 3.7404793 3.5116551 1.9332623 3.3312037 3.8610288 3.3394396 3.7504721 3.5431953 1.7288747 1.4454834 1.4759099 1.7288747 4.3227822 4.1807429 1.7309083 1.8225367 3.5462188 3.2494518 3.4667161 1.9268228 3.6472558 3.7427206 2.1965211 3.9048486 4.1535839 3.7398313 3.2092396 2.8616396 3.0419618 4.2940988 3.5945684 3.9037349 3.4244359 3.5424557 3.6558697 1.6884160 3.3400090 2.6440960 3.0817728 4.6012636 4.4007115 3.1079990 3.9683077 3.3036578 2.6852963 2.0796250 4.0567034 3.9995692 2.0320529 3.6260293 3.8672497 2.6837467 4.1716577 3.1879545 3.0735185 2.9363923 3.3368143 3.8629340 5.0855055 3.3312037 1.9332623 3.5431953 4.0732499 4.7662764 3.3174499 2.4455116 2.8888048 3.2162869 4.1201543 3.0267465 3.5915792 3.2895691 2.9083176 1.8075369 2.4160694 3.8758017 2.5922132 5.3926699 3.2888070 3.5644451 3.4736609 1.8855708 4.2415276 3.9265105 3.5186104 3.3845919 4.3187191 3.3332090 2.9610757 1.9296018 3.3379263 6.0992933 5.1769567 3.0222164 2.8013710 2.4142738 3.1470906 3.8420109 1.8133162 3.8714638 4.3147866 3.9886209 1.9066045 3.8368338 3.5014520 
tr|A0A1X7UWN7|A0A1X7UWN7_AMPQE 4.1744572 4.8073403 5.1941681 3.8228652 4.1303567 8.9999985 4.1880613 4.4405434 4.0506379 3.1914623 8.9999990 3.4963233 0.0000000 4.4487749 4.9028334 3.4888680 8.9999990 3.9071427 2.2792815 3.8460809 3.7643472 4.6964341 3.0362684 3.1140994 3.9232715 3.8509650 2.7007250 1.0908144 2.0238536 3.2878229 3.5163289 3.5179992 1.3430826 2.6646878 3.1702129 1.7771617 2.8438114 2.5123990 3.5132335 2.9433008 1.5450024 2.6162564 2.3762977 3.7197688 3.2847558 1.4023272 3.3835393 0.9180668 3.3006260 3.0221457 2.6419146 1.7049307 2.2148818 3.4429574 2.4858967 1.1804675 2.7918752 3.0202464 3.8011582 1.3325485 2.2841509 2.2373083 3.9666882 1.0754931 3.1837549 2.3042757 2.9172183 3.0125402 1.5590350 2.8819157 3.1690022 3.0733238 2.4486859 3.2434297 3.0028242 2.9707944 1.3205223 3.5513867 1.8715364 3.2879623 3.4816399 1.0495082 3.5830872 2.7139292 3.4140682 3.4317027 0.9117806 2.5327905 0.9117806 2.6806121 3.4140682 3.4317027 2.5687514 2.5678218 3.3423473 2.8178965 1.2065513 3.8183819 3.4037400 3.4140682 0.9086217 0.9256584 3.2994062 3.3938140 2.5113101 2.7767146 2.9407098 4.0783429 3.3538217 1.3187351 2.4690272 2.5656117 3.0206014 4.0844928 3.3081408 0.9371174 2.4444106 3.4264925 3.5308774 3.1530065 2.0356208 3.1311731 3.2867376 2.9901482 3.7217950 4.5965924 2.9764113 2.3714319 3.0407196 3.6075074 2.5007417 4.1507942 3.3051264 2.4691399 0.9809760 3.4729085 2.8175627 1.3597868 3.3812385 3.0617442 3.5028451 1.9478544 0.9117806 3.4317027 3.4140682 2.7009669 2.9310158 3.4578461 2.0402267 2.4178618 3.4297645 1.7135925 2.7055204 3.2530585 1.9669997 1.2589251 3.3235612 3.3200319 3.3910350 2.1390889 3.3285126 3.3084076 3.6945211 2.6062019 3.4858079 3.1319094 1.1906143 2.3156257 1.7366274 3.2384782 3.3079352 1.2198250 3.8625525 1.8742271 1.5406271 3.9762117 2.5870829 3.3044953 3.1968728 1.1132580 2.6052915 3.1225236 1.3824030 1.5854593 3.1578993 3.3553143 2.7048041 1.0745529 
tr|A0A1X7V951|A0A1X7V951_AMPQE 2.2358399 2.7386009 2.4865836 1.5011883 2.2106627 3.3665443 2.3953965 1.9897341 2.4818870 1.7518689 4.6588336 2.2555270 4.4487749 0.0000000 2.0251776 1.7471438 3.9084663 2.4476842 3.1122375 2.2348959 2.3735362 3.2885724 1.7570838 1.3380464 2.5731115 1.3578877 2.5616699 4.2520310 3.0648492 2.8554139 3.7664901 1.3995972 3.8397604 3.6948264 2.1530034 2.8555968 2.2035667 2.8594842 1.7118576 1.7465525 3.7597913 2.5485702 3.5350647 1.3941285 2.7331077 5.9760587 2.9127260 4.1434538 1.3490849 1.8027692 2.6985292 4.9002419 3.1092482 1.4009541 3.0468988 4.0876297 3.4118787 1.4474655 2.4318886 3.7533206 3.8141321 3.7622063 1.3358658 4.4212308 2.4910632 2.6339933 4.0111487 4.2811993 4.1475394 3.9011228 3.4394577 3.6223255 3.7522296 4.0411406 3.3392437 3.2575398 4.6031023 1.3408055 3.0122640 2.7339587 2.6985830 4.1975501 1.3462685 3.1195131 2.8340388 1.3269262 4.2061471 3.4793997 4.2061471 3.0816785 2.8577268 1.3269262 1.0356813 1.0300343 1.2954954 3.8644418 3.3410936 1.3832068 1.3529338 2.8577268 4.2061471 4.3452349 1.3868393 2.8508391 2.8526725 1.5009856 4.1226646 3.7288200 4.6229771 3.6289556 2.9327298 2.9990700 2.9931393 2.1086997 4.1811868 4.2920651 3.1875968 2.9832350 1.4047784 4.3279957 3.4339766 2.3195513 3.9278779 2.9847129 2.7898944 3.6345585 2.8615733 2.6302481 1.3404273 3.2787480 2.7432221 1.6628209 2.8624941 2.8134694 3.4632424 3.3951327 3.7453835 3.6762211 1.2977544 3.7722152 2.8992212 3.6634103 4.2061471 1.3269262 2.8577268 2.9989784 3.2824109 3.2825283 3.3027732 3.2579761 1.8983111 3.7944458 3.0396381 3.3988639 4.2671249 4.1560988 1.6789804 1.6068023 3.0655338 2.8739271 4.5082503 3.1166983 3.7322578 2.3181585 1.4457840 2.3337950 4.4787001 3.3285739 4.3873154 2.1519901 3.1318499 4.6833444 1.5560519 3.1105108 3.9728111 4.8585381 2.2337157 2.4352112 2.2090860 3.5533853 3.2166237 1.1366573 4.6970941 3.2558717 2.8200695 1.4492908 3.2781430 4.1890565 
tr|A0A1X7V9I2|A0A1X7V9I2_AMPQE 2.5997586 1.7145051 1.7171278 1.7686845 1.4257137 1.5820208 1.6358246 1.6614427 1.8331360 2.3278073 1.7965955 2.1992879 4.9028334 2.0251776 0.0000000 1.9668972 1.7734459 1.5102907 3.6693751 1.7453978 1.4113945 1.6692861 1.5338952 1.7348922 1.3625404 1.8850186 3.4799319 4.3045747 4.9263910 5.5011964 4.2675123 2.0750820 4.3743163 2.9938175 3.8852221 2.8445594 2.2727401 3.1824158 2.1848668 1.7740621 2.9951229 2.7579755 3.6391609 1.7389911 3.0315985 4.5041327 3.0079088 4.3129417 1.6690108 2.3010182 4.5010008 5.4575614 3.4342612 1.8094194 3.9580340 4.6576672 3.9231253 1.7569698 2.7522219 4.2435795 4.3349553 4.1796993 1.8412070 4.9305917 3.0895990 3.5995377 4.5066756 5.1776313 4.5393378 4.6139208 3.9214579 3.5971292 3.7295187 3.6955889 3.0291585 2.9694161 3.3128502 1.9650134 2.5619716 4.3096996 2.9853025 4.5779513 1.5652041 3.1972334 3.1183265 1.7650876 4.1644847 4.0567909 4.1562108 3.7409370 3.1183265 1.6163618 1.0550563 1.0503035 1.5431946 3.9802338 3.9350933 2.0086698 1.7122324 3.0773039 4.1644847 4.0998673 1.7101436 3.1193508 3.3854840 1.4938549 3.9346234 4.1320935 3.6280379 3.5077403 3.4044633 2.8848924 4.0143587 3.4617840 3.9998625 3.9711754 3.5871034 2.9328659 1.5997078 3.3137729 3.3994230 4.3352857 5.0996839 3.6887540 3.1920568 3.5736285 3.2317253 2.6174047 1.7230079 4.5419344 3.7333753 2.1966201 3.2901620 3.4456429 3.6615894 4.1949146 3.2010385 3.9139240 2.1584812 3.0708943 4.1851012 4.8738815 4.1644847 1.7650876 3.1183265 3.4268948 4.1418190 4.2918093 2.9642622 3.0355643 3.1372925 5.5364348 2.4459223 4.6020119 4.7913130 4.7005298 1.8267285 2.0559415 3.7136925 2.9139451 4.5388264 4.2962836 3.7788772 3.3481076 1.8449794 3.5267692 3.9614646 3.2995134 4.1342472 2.5279133 3.1576442 4.4163163 1.6525541 3.3000950 4.3466703 4.5975648 1.9168548 3.3662596 2.1681097 3.9704325 3.8047386 1.2812888 4.0383537 4.4015048 3.0583710 1.6553069 3.6727116 3.9307286 
tr|A0A1X7VEJ4|A0A1X7VEJ4_AMPQE 1.6424363 2.0303301 2.1866619 1.4468619 1.5850865 2.0656760 1.6978221 1.8046415 2.1486262 1.2676141 4.5532842 2.1141762 3.4888680 1.7471438 1.9668972 0.0000000 4.7697450 1.7655971 3.6514004 1.7014848 1.7251805 2.0364202 1.6788205 1.0778081 1.7655393 1.0759077 3.4440280 3.8834655 2.7128786 2.6526133 3.5492454 1.4473314 3.2500846 2.8662207 2.3680333 2.8549512 1.9087618 2.7306662 1.3595714 1.5656447 2.8738295 2.2314476 2.9719450 1.1378969 2.4806194 4.1309330 2.5087219 3.7851246 0.9699855 1.4001664 2.1136435 4.4178415 2.4200944 1.1049557 3.6904792 3.5970054 4.2497802 1.0381580 2.0204203 3.7854283 3.2680938 3.4416792 1.1940606 3.6583928 2.3600679 3.9520139 3.4188149 3.3549132 3.3654019 3.4439436 2.8994623 3.0861739 3.5901085 3.1994178 2.9675329 2.9562313 3.5216695 1.3160032 2.6907316 2.6122439 2.4888475 3.3272309 1.0185575 3.6184264 2.5869261 0.9582302 3.8858592 3.7660140 3.9181882 3.7931400 2.5869261 0.9582302 0.7800662 0.7746382 0.9671809 4.6725731 3.2654465 1.2207417 0.9553191 2.5869261 3.8858592 3.8549397 0.9958946 2.4727970 3.6363307 1.0575991 3.8610300 3.8633853 3.2738606 3.0996210 2.8702597 2.1521353 3.9160486 2.0546466 3.1668194 3.7905320 3.7757870 2.4740110 0.9561012 3.2714060 2.9658533 2.5652374 3.7843130 3.5342493 3.0635159 3.0788584 2.5005272 2.2911964 1.0970109 3.8942746 3.9402070 1.0092681 2.5084283 3.6233597 3.3218096 2.7485848 2.8135960 3.1079791 1.3898573 2.8196094 2.9829967 2.7691239 3.8858592 0.9582302 2.5869261 5.1608257 4.4026202 2.7697712 2.5564371 2.9103441 1.7704822 3.4184387 2.5792359 4.2044085 3.7753862 3.4012744 1.2829517 1.0985694 4.3053600 2.4348348 4.7333213 2.4049000 3.5869442 3.9904952 1.1733648 2.1674382 3.4926303 3.2948586 3.1759707 1.7898185 2.8597452 3.8323852 1.2736606 2.5496334 3.1013702 4.1931808 1.9419430 1.9971989 1.7395353 2.4958263 4.0648853 0.9980361 4.0658320 3.1710851 2.6487953 1.1058110 4.8423548 3.7823197 
tr|A0A1X7VMH6|A0A1X7VMH6_AMPQE 3.5515368 1.1192074 0.1091419 0.0000010 0.9995543 1.0742990 1.0390442 0.3310694 0.1653910 3.5515368 1.0242395 2.0807904 8.9999990 3.9084663 1.7734459 4.7697450 0.0000000 1.2231906 9.0000000 0.3708424 0.9399619 0.2821259 0.0000010 3.3228388 1.0444114 3.2832219 2.6213847 4.7375981 6.6021072 7.9484984 9.0000000 6.1422695 6.3519089 9.0000000 6.9365470 3.9638665 3.2699854 5.0827702 2.8115994 5.9146540 2.2707808 6.5306027 6.4850428 3.2938939 3.0120195 4.5668457 3.5312647 5.0378914 2.5373070 1.6127500 6.4773091 6.8238431 7.3453256 2.8878764 3.5789069 7.9991238 2.2845361 3.6535681 3.7893414 4.5920218 9.0000000 4.7906639 3.8548562 4.9656577 9.0000000 3.4173371 4.6327967 4.4819872 7.0438529 4.9911706 6.9451690 5.0045840 3.6136097 7.4531903 6.0530909 6.0530909 4.0941803 3.7855827 3.4232723 7.1883878 3.4810901 7.6718094 2.4072408 2.2626826 4.4118197 2.8635643 5.0378914 8.9999989 5.0378914 3.4245014 4.4118197 2.8635643 0.0000010 0.0000010 3.6498809 6.0521338 5.8887108 3.6163982 2.4641845 3.9648982 5.0378914 4.8721338 2.5585430 3.7698289 3.2632159 0.0000010 6.7992177 5.8616284 5.9174634 5.3836956 3.6892410 4.3709840 7.8339255 5.6998957 8.3477460 4.9223208 3.3890052 4.0453652 2.7167175 5.1916535 3.1763540 7.0415637 5.7180239 8.9999986 2.8642466 3.7189425 3.0729853 0.0000010 2.8663075 3.3589635 5.2682313 3.3076720 4.8026267 3.1713824 3.9126525 6.6830966 9.0000000 5.1678272 4.6917429 9.0000000 8.3615483 6.1665570 5.0378914 2.8635643 4.4118197 3.7314607 2.8109456 6.6640909 2.8537470 5.2730924 2.5458317 6.4445442 3.1285895 2.7907373 8.8518467 6.2624828 6.0504108 3.9494681 5.7910795 6.3797125 3.9933436 6.3585599 4.8670463 3.0778440 4.3703564 2.1038165 4.8111642 7.0825735 8.9999988 5.3341432 6.1481069 5.4896538 3.3740549 4.7244706 3.3837727 5.4098461 2.6285436 6.6309326 6.0680096 5.3292298 4.0772990 0.0000010 5.5634506 5.2211157 3.6509149 2.5326854 3.5261820 7.1633950 
tr|A0A1X7VMI0|A0A1X7VMI0_AMPQE 2.0121491 1.3620003 1.1763325 1.7602871 0.8957620 0.9153118 1.1232927 0.9806027 1.4731228 1.8467838 0.7469263 1.6023034 3.9071427 2.4476842 1.5102907 1.7655971 1.2231906 0.0000000 3.5402070 1.0083355 0.5410589 0.9978521 1.0676018 1.6847826 0.3642312 1.8597511 3.4795165 3.6520191 4.0528509 3.9746640 3.3022836 2.1369207 3.1691864 3.0318024 2.7948232 2.5494766 2.5595419 2.4744763 2.1402130 2.1439913 2.5759003 2.7622890 3.4964676 2.0568833 2.8870310 3.6282148 2.7853514 3.4867028 1.7116829 2.5417159 3.6887605 4.0358757 3.5775452 1.7300615 2.9638686 3.7954823 3.3519873 1.6204748 3.0187774 4.2887488 3.7450687 4.1161923 1.6978235 3.9198340 2.8447387 3.2518135 3.4282168 4.0952060 3.8234892 3.8772667 3.1795623 3.2521534 3.2219751 2.8617201 2.9699826 2.8821103 2.9141568 1.8274327 2.5879993 3.3605066 2.9117579 3.8000971 1.5664345 3.1681686 2.8334594 1.7720016 3.4929475 3.8602507 3.4854657 3.3344048 2.8964733 1.6676504 1.2382234 1.2605088 1.6222320 4.1508347 3.2821393 1.7422736 1.7635722 2.8237420 3.4929475 3.5845603 1.6719941 2.8068678 3.6450549 1.8096842 4.2857619 3.7655543 3.5590252 3.3990925 2.8792256 2.8658825 3.6750334 2.8877230 3.3237840 3.4033788 3.3268519 2.8101419 1.6521358 3.2644682 2.8049355 3.5215450 3.8034657 3.8018000 2.6932304 3.3354970 3.0550239 2.4339430 1.8166939 3.3717613 3.4037257 1.9727715 2.8934422 3.5940929 2.6583438 3.4098168 2.8780894 3.2328125 2.2576884 2.9334033 3.3670645 3.6819458 3.4929475 1.7720016 2.8964733 3.4565018 3.3216892 3.4147401 2.6119722 2.3064691 2.4221371 3.9593028 2.6303367 3.2128170 3.6605188 3.2518106 1.6875857 2.1018655 3.2339415 2.7543947 4.2561877 3.4006466 3.3932001 3.1717993 1.7459263 3.3833149 3.8326920 3.2294989 3.3554504 3.3730173 2.9869570 3.5533848 1.8180243 3.1073875 3.9205940 4.7635706 2.3778075 2.9737355 2.3257302 3.1482824 3.4010780 1.3299678 3.9020331 4.2013176 2.9393933 1.7435498 3.1302152 3.4764432 
tr|A0A1X7VN10|A0A1X7VN10_AMPQE 4.7741667 3.6583320 3.9280863 4.3938012 3.1560176 9.0000000 3.6724101 3.5973203 3.5429471 4.4679413 8.9999980 3.9797718 2.2792815 3.1122375 3.6693751 3.6514004 9.0000000 3.5402070 0.0000000 3.6485916 3.3897432 4.4487175 2.7525562 3.6243854 4.0013367 3.8328721 1.7723351 3.0078642 3.0563485 3.0723208 3.1058055 3.0280637 2.3810901 2.9027106 2.2495687 2.0706972 2.8218634 2.3482988 4.8700991 2.9763159 2.5740325 2.5163407 2.7813794 3.7825299 3.5664542 2.8626972 3.9524081 2.8410660 3.8849504 3.4315353 2.2152210 2.9072364 2.5068796 3.2890054 2.0815977 2.9201700 1.9116966 3.0855126 3.7787417 2.9534041 3.1219512 3.5549839 3.4882933 2.8514057 4.6607747 1.5090912 3.7449300 3.9143259 2.1176510 2.8225610 3.1091055 3.2636483 2.5620632 3.3171553 2.9134925 2.9266236 2.5471949 2.9481170 2.3243619 2.7932031 4.0133473 2.4760465 3.5658993 2.4193665 3.8806518 3.5279084 2.7904631 2.9866031 2.7826710 1.6652926 3.8997267 3.6358458 2.9632165 2.9756869 3.6358458 1.6125807 2.8278322 3.4389442 3.5943631 3.8997267 2.7904631 2.7301065 3.8624613 3.6928965 1.7156166 2.5936580 4.2207120 3.8976190 3.1678897 2.4535523 2.6563830 2.5474878 1.8782349 3.8049163 2.7197749 2.7347389 1.7878029 3.9825138 3.8255548 3.5511948 2.6241194 2.5369338 4.0474972 3.1705837 3.6534660 3.8277934 2.9356163 2.8508892 3.5276640 3.5381841 1.6026949 4.5441807 4.0304609 1.7147464 2.2531934 3.6639352 3.0637658 2.2962078 3.0045389 3.2266228 3.6205801 3.7736391 2.7904631 3.5279084 3.8997267 1.9434384 1.8831618 2.9747377 2.7051523 2.9944224 3.2795087 2.9229156 2.7320070 2.7496745 2.6314780 2.8560073 3.0502620 3.7222256 1.8028746 2.1165286 3.6627124 2.5818806 3.6767276 1.5719318 3.4980340 4.7232020 2.7515604 3.0661105 2.6423050 3.2176393 3.8726360 2.4092900 3.7816086 2.8602196 3.6708691 4.1167007 2.4477667 2.8644256 2.7457718 2.7079263 1.8986125 3.0339665 2.6619261 2.4705053 3.8550261 3.6845703 2.4838542 2.8157518 
tr|A0A1X7VNE7|A0A1X7VNE7_AMPQE 2.1366266 1.4467751 0.4691665 1.7671360 0.9811803 1.4670559 1.1882384 0.7095560 0.6741684 2.0044017 1.3822360 1.9462327 3.8460809 2.2348959 1.7453978 1.7014848 0.3708424 1.0083355 3.6485916 0.0000000 0.9503808 0.1766190 0.6420057 1.6722304 0.9438407 1.6519756 3.5582492 3.6765697 4.2189820 4.3829259 4.5665790 2.2487153 3.4178010 3.3553313 3.8903766 2.5613743 2.0045600 2.7582020 1.8764780 2.1398481 2.6832483 2.7159992 3.3396388 1.5859741 2.8605020 4.2475795 2.8480168 3.6651823 1.3623372 2.7752905 3.7848605 4.8705097 4.3497010 1.5958260 3.6103991 3.4840630 3.4392689 1.4705460 2.7302520 4.3158307 4.4549803 4.0583975 1.7305948 3.6982925 2.7093803 3.5976240 3.7478200 4.2246937 5.2051787 3.7750565 3.3749161 2.9944845 3.6488605 2.9454854 2.9349082 2.8692692 3.1207211 1.6714836 2.3062642 3.6733975 3.0234885 3.7994081 1.3159724 3.7218538 2.9498983 1.5242291 3.6041942 3.3915640 3.6265450 4.0188804 2.9438864 1.4051839 1.0854140 1.1039589 1.3930368 4.3867254 3.4514960 1.5975696 1.4848929 2.9005254 3.5890668 3.6365794 1.4893117 2.8982962 3.5023463 1.3028015 3.7583829 3.6199750 3.5011072 3.2578142 2.3902198 2.5419065 4.6861998 2.9674331 3.7314502 3.6125877 3.5602746 2.8745601 1.4265847 3.3388894 2.8398648 3.8481149 3.7820916 3.4110713 2.8021530 3.9783653 2.6403414 2.2485703 1.6425301 3.6028761 3.5511385 1.8234821 3.0210928 3.7190528 2.6288731 4.0444415 3.4361408 3.2769918 2.1807041 3.6778971 4.1045736 4.1400642 3.6041942 1.5242291 2.9438864 3.8558562 4.1415969 3.8656441 2.3154278 3.1195890 2.6793257 3.8868632 2.3335264 3.8152773 3.9972461 3.1895735 1.4826577 2.0966264 3.9283599 2.6884353 4.1298724 3.6803343 3.4218547 3.6295549 1.6282514 2.7834178 3.9104890 3.0904506 3.8011431 2.9388781 2.7026204 3.5817481 1.3923201 3.0331217 4.1567603 4.6631290 2.1058038 3.8584617 2.1368509 2.7922431 4.0265195 1.1028106 3.5527770 3.6344673 3.0223496 1.4726760 3.3840906 3.6029904 
