38
tr|A0A1X7UT69|A0A1X7UT69_AMPQE 0.0000000 2.9362220 3.1882956 3.5506641 3.2735434 3.0567949 2.9639672 2.9984853 3.7336002 3.3222026 2.9047584 2.8743194 3.0102702 2.9639672 3.4963499 4.2636908 2.6676874 2.7366004 3.3344234 3.2096646 2.9639672 2.9363506 2.9639672 3.2061660 2.9684465 3.2771117 3.1038325 3.2607381 2.9639672 2.8525216 3.4728966 3.7828401 2.7543012 3.3528618 3.2010325 3.2365059 3.6674887 2.7859019 
tr|H9GJ67|H9GJ67_ANOCA         2.9362220 0.0000000 2.9513396 0.8755451 1.5840604 0.3775573 0.1541688 0.6691734 2.1866141 1.8823491 0.0822645 0.0789865 0.1340136 0.1507381 0.1493219 0.0752357 0.0751347 0.1223328 1.1248598 3.9095816 0.1584332 3.3524622 0.1516230 1.3709597 0.1679856 1.0224608 0.1429078 3.0473813 0.1507381 1.0869564 2.9740479 1.0577934 3.0594139 0.6459552 2.0576260 1.3441166 1.6998751 0.2935250 
tr|C3Z583|C3Z583_BRAFL         3.1882956 2.9513396 0.0000000 3.4898549 3.6370808 2.6925991 2.8531312 3.0707014 3.8756638 3.5223816 2.9018244 2.8969652 2.9968865 2.8531312 3.0359328 3.5399588 2.8878743 3.0699489 3.8986333 4.1722948 2.8531312 4.9651874 2.8858554 3.5495112 2.8463105 3.4630566 2.7914339 1.4758450 2.8531312 3.1276673 3.8916394 3.9818288 4.0847703 2.9925368 4.2422694 3.6929046 4.4981100 3.2107086 
tr|C3ZBH4|C3ZBH4_BRAFL         3.5506641 0.8755451 3.4898549 0.0000000 1.7929602 0.8670295 0.8847652 0.8783914 2.2090670 1.9016988 0.8805712 0.8717421 0.9005669 0.8875485 0.9413845 0.8364419 0.6758008 0.8063471 1.2590716 3.8292472 0.8806444 3.9431961 0.8809964 1.2621577 0.8688965 0.9653330 0.8786984 3.0596852 0.8875485 1.2944774 3.4804338 1.2053804 3.2673550 0.8952404 2.0925890 1.4118538 1.5926629 0.9076975 
tr|Q22123|Q22123_CAEEL         3.2735434 1.5840604 3.6370808 1.7929602 0.0000000 1.4280189 1.6020991 1.5837588 2.2701042 2.3660442 1.5689083 1.5466600 1.5593914 1.6049022 1.7426083 1.7867978 1.2702857 1.4107238 1.8264121 3.3634908 1.6156213 3.7781297 1.5871298 1.8369012 1.5891902 1.7118890 1.5857079 3.4057126 1.6049022 2.1375985 3.6080754 1.9114214 3.4689702 1.8178482 2.4906672 1.8061264 2.3924938 1.5744277 
tr|A0A4W3HC39|A0A4W3HC39_CALMI 3.0567949 0.3775573 2.6925991 0.8670295 1.4280189 0.0000000 0.3873633 0.6179736 1.8804592 1.6523703 0.3847179 0.3790622 0.3804693 0.3815101 0.3848069 0.3669115 0.2998253 0.3669155 1.1446457 3.7297825 0.3872417 3.2489290 0.3805433 1.3231851 0.3715123 0.9230988 0.3990007 2.6385383 0.3815101 1.0203891 2.5801129 0.9689300 3.0915161 0.6169589 2.0552770 1.2889466 1.6964480 0.4840967 
tr|A0A8I3RS41|A0A8I3RS41_CANLF 2.9639672 0.1541688 2.8531312 0.8847652 1.6020991 0.3873633 0.0000000 0.6335118 2.1290052 1.8528980 0.1486111 0.1451955 0.0485731 0.0096329 0.0623161 0.0080733 0.0072657 0.0414206 1.1274841 3.8352711 0.0161632 3.3793509 0.0681386 1.3676417 0.0391355 1.0126986 0.0839180 2.9344564 0.0096329 1.0178948 2.9530861 1.0067858 3.1196367 0.6196120 1.9829922 1.3878384 1.6672685 0.3023396 
tr|F1R335|F1R335_DANRE         2.9984853 0.6691734 3.0707014 0.8783914 1.5837588 0.6179736 0.6335118 0.0000000 2.2056364 1.7308638 0.6407011 0.6340253 0.5925198 0.6434326 0.6048197 0.5357201 0.4047319 0.5138508 1.3318898 3.7372356 0.6486602 3.8184932 0.6150493 1.4348601 0.6440523 1.1273355 0.5818976 2.9278252 0.6434326 1.1855498 3.2676333 1.1347654 3.1224771 0.4462600 2.0186564 1.5251555 1.6377899 0.6453136 
tr|Q54U59|Q54U59_DICDI         3.7336002 2.1866141 3.8756638 2.2090670 2.2701042 1.8804592 2.1290052 2.2056364 0.0000000 2.7778599 2.1166315 2.0972304 1.8637289 2.1303091 1.9950910 1.8313302 1.2712479 1.3732672 2.2957867 2.8253222 2.1257649 3.8025995 2.0939555 1.8319532 2.1830725 1.9988411 1.8679421 4.5750907 2.1303091 2.6791267 3.3275428 2.2709709 2.8977090 2.1049190 2.6396170 2.1459336 2.3649269 2.1708642 
tr|Q9W1H1|Q9W1H1_DROME         3.3222026 1.8823491 3.5223816 1.9016988 2.3660442 1.6523703 1.8528980 1.7308638 2.7778599 0.0000000 1.8367950 1.8182992 1.9024724 1.8528980 1.9176627 2.0030613 1.3127569 1.6222107 2.0561039 4.6316187 1.8684069 4.7420205 1.8628558 1.6969694 1.7943276 1.9771939 1.7659046 4.0979043 1.8528980 2.4649826 4.1018937 1.7375776 3.5654337 1.7879313 2.5525764 2.3460086 2.0231249 1.9519882 
sp|Q5ZMH6|METL9_CHICK          2.9047584 0.0822645 2.9018244 0.8805712 1.5689083 0.3847179 0.1486111 0.6407011 2.1166315 1.8367950 0.0000000 0.0032102 0.1112857 0.1451389 0.1334465 0.0494971 0.0443625 0.0756884 1.1219706 3.7463117 0.1528978 3.4015943 0.1611910 1.3552525 0.1644355 1.0003236 0.1252243 2.8181844 0.1451389 1.0648190 2.9377840 1.0616740 3.0117144 0.6121886 2.0340271 1.3864629 1.6417725 0.2510646 
tr|A0A8V0ZFZ6|A0A8V0ZFZ6_CHICK 2.8743194 0.0789865 2.8969652 0.8717421 1.5466600 0.3790622 0.1451955 0.6340253 2.0972304 1.8182992 0.0032102 0.0000000 0.1074089 0.1417133 0.1290350 0.0414222 0.0367866 0.0669121 1.1106564 3.8208369 0.1494776 3.3379394 0.1577828 1.3517767 0.1610331 0.9991416 0.1194406 2.7899899 0.1417133 1.0598082 2.9508440 1.0514479 3.0884996 0.6055815 2.0293494 1.3732438 1.6384869 0.2468868 
tr|A0A2I2Z2A6|A0A2I2Z2A6_GORGO 3.0102702 0.1340136 2.9968865 0.9005669 1.5593914 0.3804693 0.0485731 0.5925198 1.8637289 1.9024724 0.1112857 0.1074089 0.0000000 0.0444208 0.0334860 0.0000010 0.0000010 0.0329550 1.1368654 3.8164407 0.0488633 3.4820214 0.0741140 1.3620869 0.0608223 1.0071378 0.0490025 2.9344564 0.0444208 1.0788207 2.9608848 0.9546365 3.2266697 0.5746719 1.9749445 1.3936261 1.6900543 0.2448691 
sp|Q9H1A3|METL9_HUMAN          2.9639672 0.1507381 2.8531312 0.8875485 1.6049022 0.3815101 0.0096329 0.6434326 2.1303091 1.8528980 0.1451389 0.1417133 0.0444208 0.0000000 0.0577036 0.0000010 0.0000010 0.0329550 1.1381293 3.8215499 0.0128958 3.3793509 0.0684298 1.3620869 0.0291950 1.0130032 0.0784227 2.9344564 0.0000010 1.0315055 2.9588573 1.0160123 3.1065760 0.6340385 1.9859350 1.3904800 1.6841318 0.3093466 
tr|H3BN86|H3BN86_HUMAN         3.4963499 0.1493219 3.0359328 0.9413845 1.7426083 0.3848069 0.0623161 0.6048197 1.9950910 1.9176627 0.1334465 0.1290350 0.0334860 0.0577036 0.0000000 0.0000010 0.0000010 0.0331318 1.2245657 3.7572890 0.0568030 3.6932796 0.0771220 1.3544276 0.0728503 1.0707211 0.0432615 3.0060045 0.0577036 1.2414337 2.8896773 0.9130593 3.3454300 0.6008330 2.0500909 1.5408990 1.8085667 0.2726796 
tr|H3BPE9|H3BPE9_HUMAN         4.2636908 0.0752357 3.5399588 0.8364419 1.7867978 0.3669115 0.0080733 0.5357201 1.8313302 2.0030613 0.0494971 0.0414222 0.0000010 0.0000010 0.0000010 0.0000000 0.0000010 0.0163326 1.0912084 3.9760077 0.0000010 2.8256853 0.0161419 1.3191131 0.0080748 1.1844839 0.0093437 3.6213617 0.0000010 1.3023279 2.4448597 0.8450666 3.4764457 0.5200110 1.7567943 1.6642682 1.6905737 0.1985607 
tr|H3BM54|H3BM54_HUMAN         2.6676874 0.0751347 2.8878743 0.6758008 1.2702857 0.2998253 0.0072657 0.4047319 1.2712479 1.3127569 0.0443625 0.0367866 0.0000010 0.0000010 0.0000010 0.0000010 0.0000000 0.0000010 0.9544147 3.2797818 0.0000010 3.1572473 0.0000010 1.1775021 0.0145742 0.7650802 0.0072492 2.7735890 0.0000010 0.7931711 3.1996079 0.7055452 3.0914231 0.4460686 1.3969482 1.2201697 1.2513199 0.1151840 
tr|H3BQD2|H3BQD2_HUMAN         2.7366004 0.1223328 3.0699489 0.8063471 1.4107238 0.3669155 0.0414206 0.5138508 1.3732672 1.6222107 0.0756884 0.0669121 0.0329550 0.0329550 0.0331318 0.0163326 0.0000010 0.0000000 1.2621219 3.3805404 0.0329550 3.1469706 0.0329550 1.2605233 0.0498605 0.8745625 0.0084811 2.7039888 0.0329550 0.8116194 2.6594024 0.8909089 3.0316036 0.5509357 1.5624811 1.4769555 1.4913963 0.1718689 
tr|A0ABM4DJR8|A0ABM4DJR8_HYDVU 3.3344234 1.1248598 3.8986333 1.2590716 1.8264121 1.1446457 1.1274841 1.3318898 2.2957867 2.0561039 1.1219706 1.1106564 1.1368654 1.1381293 1.2245657 1.0912084 0.9544147 1.2621219 0.0000000 3.7003510 1.1388196 3.7395019 1.1763104 1.4675686 1.1453687 1.1008262 1.2296119 3.4539395 1.1381293 1.8428942 3.6029977 1.2835167 3.0822995 1.3430411 2.3770722 1.4738732 1.7333754 1.2353382 
tr|A0ABM4CMM0|A0ABM4CMM0_HYDVU 3.2096646 3.9095816 4.1722948 3.8292472 3.3634908 3.7297825 3.8352711 3.7372356 2.8253222 4.6316187 3.7463117 3.8208369 3.8164407 3.8215499 3.7572890 3.9760077 3.2797818 3.3805404 3.7003510 0.0000000 3.8215499 3.6381548 3.8340904 3.8093519 3.8255346 3.6428783 3.6454084 3.4932289 3.8215499 4.0453827 4.8521341 3.8730032 3.3146737 4.1055879 4.2519465 3.4753008 3.6207991 3.9446350 
tr|H9FV79|H9FV79_MACMU         2.9639672 0.1584332 2.8531312 0.8806444 1.6156213 0.3872417 0.0161632 0.6486602 2.1257649 1.8684069 0.1528978 0.1494776 0.0488633 0.0128958 0.0568030 0.0000010 0.0000010 0.0329550 1.1388196 3.8215499 0.0000000 3.3793509 0.0789551 1.3620869 0.0425665 1.0153178 0.0728147 2.9344564 0.0128958 1.0224396 2.9588573 1.0082680 3.1065760 0.6392630 1.9618296 1.3748749 1.6841318 0.3121727 
sp|Q58055|Y638_METJA           2.9363506 3.3524622 4.9651874 3.9431961 3.7781297 3.2489290 3.3793509 3.8184932 3.8025995 4.7420205 3.4015943 3.3379394 3.4820214 3.3793509 3.6932796 2.8256853 3.1572473 3.1469706 3.7395019 3.6381548 3.3793509 0.0000000 3.3522163 4.5400375 3.4956478 3.5619401 3.4723797 3.9496236 3.3793509 3.3659328 4.6569424 4.6869426 3.4252653 3.6507007 4.3238139 3.2953030 5.3060206 3.4651158 
tr|F7AWW5|F7AWW5_MONDO         2.9639672 0.1516230 2.8858554 0.8809964 1.5871298 0.3805433 0.0681386 0.6150493 2.0939555 1.8628558 0.1611910 0.1577828 0.0741140 0.0684298 0.0771220 0.0161419 0.0000010 0.0329550 1.1763104 3.8340904 0.0789551 3.3522163 0.0000000 1.3591806 0.0863087 1.0062560 0.0717195 2.9564432 0.0684298 1.0338129 2.9611275 1.0244136 3.0644076 0.6349110 2.0348855 1.3419826 1.7193627 0.3070247 
tr|A9UUG3|A9UUG3_MONBE         3.2061660 1.3709597 3.5495112 1.2621577 1.8369012 1.3231851 1.3676417 1.4348601 1.8319532 1.6969694 1.3552525 1.3517767 1.3620869 1.3620869 1.3544276 1.3191131 1.1775021 1.2605233 1.4675686 3.8093519 1.3620869 4.5400375 1.3591806 0.0000000 1.3517851 1.2694421 1.1794547 3.2498386 1.3620869 1.1898760 3.5042466 1.2524861 3.5422802 1.4511443 1.5261671 1.3425426 1.4149721 1.3669296 
sp|Q9EPL4|METL9_MOUSE          2.9684465 0.1679856 2.8463105 0.8688965 1.5891902 0.3715123 0.0391355 0.6440523 2.1830725 1.7943276 0.1644355 0.1610331 0.0608223 0.0291950 0.0728503 0.0080748 0.0145742 0.0498605 1.1453687 3.8255346 0.0425665 3.4956478 0.0863087 1.3517851 0.0000000 1.0095411 0.0880711 2.9344564 0.0291950 1.0394470 2.9438374 0.9843717 3.1372859 0.6310444 1.9840260 1.3667013 1.6756688 0.3106552 
tr|A7SGS8|A7SGS8_NEMVE         3.2771117 1.0224608 3.4630566 0.9653330 1.7118890 0.9230988 1.0126986 1.1273355 1.9988411 1.9771939 1.0003236 0.9991416 1.0071378 1.0130032 1.0707211 1.1844839 0.7650802 0.8745625 1.1008262 3.6428783 1.0153178 3.5619401 1.0062560 1.2694421 1.0095411 0.0000000 1.0358855 3.4360639 1.0130032 1.3980803 3.2755341 1.1702574 3.3013668 1.2643711 2.1831039 1.3993996 1.6707822 0.9890680 
tr|F6RR08|F6RR08_ORNAN         3.1038325 0.1429078 2.7914339 0.8786984 1.5857079 0.3990007 0.0839180 0.5818976 1.8679421 1.7659046 0.1252243 0.1194406 0.0490025 0.0784227 0.0432615 0.0093437 0.0072492 0.0084811 1.2296119 3.6454084 0.0728147 3.4723797 0.0717195 1.1794547 0.0880711 1.0358855 0.0000000 2.7506893 0.0784227 1.2866562 3.1006051 0.9533249 3.2837981 0.5728435 2.0170893 1.5148738 1.6967309 0.2505926 
tr|F6ZQ80|F6ZQ80_ORNAN         3.2607381 3.0473813 1.4758450 3.0596852 3.4057126 2.6385383 2.9344564 2.9278252 4.5750907 4.0979043 2.8181844 2.7899899 2.9344564 2.9344564 3.0060045 3.6213617 2.7735890 2.7039888 3.4539395 3.4932289 2.9344564 3.9496236 2.9564432 3.2498386 2.9344564 3.4360639 2.7506893 0.0000000 2.9344564 3.1572223 3.8003645 3.7180080 3.6845471 3.2716452 3.6343316 4.0005131 4.1185816 3.0690120 
tr|H2R0J0|H2R0J0_PANTR         2.9639672 0.1507381 2.8531312 0.8875485 1.6049022 0.3815101 0.0096329 0.6434326 2.1303091 1.8528980 0.1451389 0.1417133 0.0444208 0.0000010 0.0577036 0.0000010 0.0000010 0.0329550 1.1381293 3.8215499 0.0128958 3.3793509 0.0684298 1.3620869 0.0291950 1.0130032 0.0784227 2.9344564 0.0000000 1.0315055 2.9588573 1.0160123 3.1065760 0.6340385 1.9859350 1.3904800 1.6841318 0.3093466 
tr|S4R939|S4R939_PETMA         2.8525216 1.0869564 3.1276673 1.2944774 2.1375985 1.0203891 1.0178948 1.1855498 2.6791267 2.4649826 1.0648190 1.0598082 1.0788207 1.0315055 1.2414337 1.3023279 0.7931711 0.8116194 1.8428942 4.0453827 1.0224396 3.3659328 1.0338129 1.1898760 1.0394470 1.3980803 1.2866562 3.1572223 1.0315055 0.0000000 3.4681530 1.5675610 3.2323396 1.1842857 2.4006765 1.7211126 1.8505341 1.1731029 
sp|Q9HZ63|UBIG_PSEAE           3.4728966 2.9740479 3.8916394 3.4804338 3.6080754 2.5801129 2.9530861 3.2676333 3.3275428 4.1018937 2.9377840 2.9508440 2.9608848 2.9588573 2.8896773 2.4448597 3.1996079 2.6594024 3.6029977 4.8521341 2.9588573 4.6569424 2.9611275 3.5042466 2.9438374 3.2755341 3.1006051 3.8003645 2.9588573 3.4681530 0.0000000 3.6022242 2.7170448 3.1777718 2.9924061 3.5580068 4.7552387 2.8388306 
tr|W4ZHV4|W4ZHV4_STRPU         3.7828401 1.0577934 3.9818288 1.2053804 1.9114214 0.9689300 1.0067858 1.1347654 2.2709709 1.7375776 1.0616740 1.0514479 0.9546365 1.0160123 0.9130593 0.8450666 0.7055452 0.8909089 1.2835167 3.8730032 1.0082680 4.6869426 1.0244136 1.2524861 0.9843717 1.1702574 0.9533249 3.7180080 1.0160123 1.5675610 3.6022242 0.0000000 3.5695963 1.1490446 2.0906911 1.5706642 1.6935044 1.1140668 
tr|P72896|P72896_SYNY3         2.7543012 3.0594139 4.0847703 3.2673550 3.4689702 3.0915161 3.1196367 3.1224771 2.8977090 3.5654337 3.0117144 3.0884996 3.2266697 3.1065760 3.3454300 3.4764457 3.0914231 3.0316036 3.0822995 3.3146737 3.1065760 3.4252653 3.0644076 3.5422802 3.1372859 3.3013668 3.2837981 3.6845471 3.1065760 3.2323396 2.7170448 3.5695963 0.0000000 3.2407501 3.0826909 3.3111348 3.6056562 3.2915907 
tr|A0A3B5KWF3|A0A3B5KWF3_TAKRU 3.3528618 0.6459552 2.9925368 0.8952404 1.8178482 0.6169589 0.6196120 0.4462600 2.1049190 1.7879313 0.6121886 0.6055815 0.5746719 0.6340385 0.6008330 0.5200110 0.4460686 0.5509357 1.3430411 4.1055879 0.6392630 3.6507007 0.6349110 1.4511443 0.6310444 1.2643711 0.5728435 3.2716452 0.6340385 1.1842857 3.1777718 1.1490446 3.2407501 0.0000000 2.2373143 1.5059804 1.5505235 0.6247850 
tr|A0A0L0D5M2|A0A0L0D5M2_THETB 3.2010325 2.0576260 4.2422694 2.0925890 2.4906672 2.0552770 1.9829922 2.0186564 2.6396170 2.5525764 2.0340271 2.0293494 1.9749445 1.9859350 2.0500909 1.7567943 1.3969482 1.5624811 2.3770722 4.2519465 1.9618296 4.3238139 2.0348855 1.5261671 1.9840260 2.1831039 2.0170893 3.6343316 1.9859350 2.4006765 2.9924061 2.0906911 3.0826909 2.2373143 0.0000000 2.4447389 1.9288928 2.0322003 
tr|B3RVI8|B3RVI8_TRIAD         3.2365059 1.3441166 3.6929046 1.4118538 1.8061264 1.2889466 1.3878384 1.5251555 2.1459336 2.3460086 1.3864629 1.3732438 1.3936261 1.3904800 1.5408990 1.6642682 1.2201697 1.4769555 1.4738732 3.4753008 1.3748749 3.2953030 1.3419826 1.3425426 1.3667013 1.3993996 1.5148738 4.0005131 1.3904800 1.7211126 3.5580068 1.5706642 3.3111348 1.5059804 2.4447389 0.0000000 1.9754612 1.4241534 
tr|Q584Q2|Q584Q2_TRYB2         3.6674887 1.6998751 4.4981100 1.5926629 2.3924938 1.6964480 1.6672685 1.6377899 2.3649269 2.0231249 1.6417725 1.6384869 1.6900543 1.6841318 1.8085667 1.6905737 1.2513199 1.4913963 1.7333754 3.6207991 1.6841318 5.3060206 1.7193627 1.4149721 1.6756688 1.6707822 1.6967309 4.1185816 1.6841318 1.8505341 4.7552387 1.6935044 3.6056562 1.5505235 1.9288928 1.9754612 0.0000000 1.7668666 
tr|F7CVL8|F7CVL8_XENTR         2.7859019 0.2935250 3.2107086 0.9076975 1.5744277 0.4840967 0.3023396 0.6453136 2.1708642 1.9519882 0.2510646 0.2468868 0.2448691 0.3093466 0.2726796 0.1985607 0.1151840 0.1718689 1.2353382 3.9446350 0.3121727 3.4651158 0.3070247 1.3669296 0.3106552 0.9890680 0.2505926 3.0690120 0.3093466 1.1731029 2.8388306 1.1140668 3.2915907 0.6247850 2.0322003 1.4241534 1.7668666 0.0000000 
