97
tr|A0A1X7VE43|A0A1X7VE43_AMPQE 0.0000000 2.4209284 1.2292087 7.0377835 1.5488747 5.9095589 4.7058653 1.0994571 1.9478997 1.2798301 2.1002537 1.3676214 1.7466918 4.7527673 6.7820140 5.3205329 5.9143422 4.9226188 5.3704577 5.0560344 2.4968178 1.3993666 2.6449331 6.2177116 1.2143302 2.1047327 1.9711313 4.3581702 1.3744831 1.3279070 2.2691092 1.3935127 1.3935127 2.2623218 1.6805762 1.1985303 1.5962209 2.5244823 1.3834944 1.3354568 1.8686219 2.2888525 1.8694127 1.4053800 2.1549977 5.3246433 4.3961817 5.4473225 4.7902271 5.1041792 2.9054477 5.7245505 4.8440530 4.7430802 5.1950239 4.2241244 4.8735637 4.4980264 4.5673290 4.7198518 4.7104282 5.6074796 1.9107690 1.1771959 1.5174996 6.3694474 6.6217481 1.4428604 1.3935127 1.4807090 2.4759967 4.0299495 4.4969664 2.6461281 3.1193343 2.0941847 1.1885333 2.0562698 1.2935858 2.0708332 2.2044152 3.8986891 2.6504254 6.1071170 4.8688153 2.1396433 2.1512016 3.5115552 4.9562720 2.2161013 6.7533189 1.1300006 2.3424439 2.6972644 2.4364176 2.1533975 1.2411136 
tr|A0A1X7VU02|A0A1X7VU02_AMPQE 2.4209284 0.0000000 2.0915701 5.8624560 2.2864830 4.9661199 4.0805538 2.1011967 2.3020720 2.2859180 1.9030322 2.1283902 2.1261298 4.1834366 5.4484811 4.8667623 5.1408977 4.8951597 5.0530221 4.6671519 2.3016543 2.4012146 2.2269788 7.0216473 2.2543308 1.9131100 2.0339983 3.7949982 2.3213621 2.2104423 1.9019932 2.0758182 2.0758182 1.9475236 1.6623679 1.6492144 2.4922557 1.8398617 2.0433752 1.9045278 2.0798941 2.1949553 2.1440509 2.1249827 1.9761928 6.3456314 5.0324035 4.9442080 5.9986705 5.7070464 2.9677732 4.3360095 4.5432370 5.4945013 6.5593612 4.9783361 5.5377293 5.3386648 5.2804060 6.1350886 4.6538668 5.9607805 1.9103828 2.1933912 2.2620287 5.6960849 5.2844458 2.1091141 2.0758182 2.5012603 2.2690776 3.9538148 4.6684025 3.0715163 2.9935442 1.8182540 2.3047373 1.9592970 2.1755574 2.0119313 2.2573500 4.5492309 2.7359354 5.1006123 3.8521877 2.2755317 2.2938784 2.7447250 4.6159272 2.2754894 5.4159858 2.2363486 2.1150635 2.4369345 2.5202017 1.7819825 1.9850650 
tr|H9G5U3|H9G5U3_ANOCA         1.2292087 2.0915701 0.0000000 6.0249936 1.8143910 5.7150619 5.3025013 0.8327872 1.6268017 0.7034393 1.9214033 0.5612311 2.0220104 4.3129246 7.6799221 4.2253939 4.3938849 4.6690927 4.5947209 4.2091606 2.7806279 1.1133720 2.4609135 6.5787261 0.6945028 1.9789524 2.2154719 4.4881979 1.1342223 0.5503948 1.9152680 0.5606086 0.5545023 1.7210257 0.6114048 0.4026455 1.5362349 2.5586543 0.5492530 0.5956450 1.9597138 2.1056654 1.8384730 0.5541992 1.6765793 5.4460750 4.9086306 6.1482369 4.8502936 5.3003184 2.4691366 4.7441783 4.6236530 4.9857125 5.7099122 4.4396349 4.8160800 3.9334421 4.2803989 4.6516589 4.5263399 5.4635806 1.8774358 1.0887720 0.6485320 5.6108817 6.4388671 1.7672876 0.5606086 0.8026871 2.2608260 3.7369559 4.8007506 2.6887579 3.2653507 2.0290922 1.0235808 2.0936211 0.7033743 2.0988246 2.1807352 3.5175988 2.4677385 6.1284989 4.2550200 2.2740543 2.3022727 2.7149698 4.8392337 2.2196955 5.1951922 1.2013594 2.4532226 2.7073555 2.2849097 2.0165483 0.5667899 
tr|B3H6G9|B3H6G9_ARATH         7.0377835 5.8624560 6.0249936 0.0000000 6.4421334 4.3397072 4.2804281 5.6746007 5.0026552 6.0170316 5.1929629 6.0835965 7.2259221 3.6569446 3.2215585 5.1898008 3.8324809 4.3300689 4.8728705 4.2615621 5.9050709 5.9657238 6.5019848 4.1734167 5.9398427 6.0064304 5.3200048 4.6197254 5.7927158 6.2268871 5.7391223 5.9119008 5.9119008 4.9744877 8.8006167 4.7862105 6.4319932 6.4870794 5.8378701 5.5651827 7.6981188 6.0838732 6.6105297 5.8711497 5.3266187 3.1044004 2.9348052 4.2470194 3.6885846 3.5828947 2.6365023 7.0610030 3.7752190 3.6910519 2.9838791 3.5556524 3.6071747 3.6174402 3.4752777 3.1215353 3.3837067 3.2542578 6.3894126 6.2710526 6.2596424 1.3489427 4.5927216 6.7892367 5.9119008 7.1125742 5.6356317 4.7733118 5.7651180 6.2835152 5.5998695 5.5729390 6.0997059 5.5760746 6.5070510 6.2092268 6.7134976 6.1428569 7.6041177 5.2335046 5.6470710 4.5280183 4.5798199 7.4466164 5.5032796 4.5744143 4.3702121 6.4565034 7.0157499 5.2316783 5.3781010 5.7178810 6.2666123 
sp|Q8VY08|LCMT1_ARATH          1.5488747 2.2864830 1.8143910 6.4421334 0.0000000 5.5049819 5.1007254 1.5290578 2.1672111 1.8576401 1.8798979 1.9174031 1.1444393 5.1595579 5.5893841 5.4498074 5.6519554 5.2631553 4.8765365 6.5755966 2.0620018 1.5612514 1.9445234 6.7801803 1.7156487 1.9048398 1.6268976 5.0747203 1.8000099 2.0439221 1.8624072 1.9887066 1.9887066 2.0037415 2.1031534 1.8300172 1.9897974 2.0394900 1.9843917 1.8381815 1.8334018 1.8947823 1.5090224 2.0010806 1.9589321 6.0127189 5.3707984 6.1577717 5.0775682 6.0043558 3.3034433 4.6045143 4.8764732 5.5972864 5.4063984 4.8745138 5.4427453 4.9092540 4.6768679 5.7129772 5.0218157 4.7415961 1.7506858 1.4385229 2.0549036 6.3120946 6.2740887 0.3835752 1.9887066 1.8010810 2.0012783 4.7751310 4.5845080 2.6645749 2.8718153 1.8619044 1.6975680 1.7754423 2.1283833 1.7441419 1.7218282 4.3189778 2.4496911 5.8756494 3.4381625 2.4360635 2.4244500 2.8843061 6.1025125 2.4982514 5.7539824 1.6355955 2.1662479 2.3315236 2.4521060 1.8521295 1.8061830 
tr|F4K328|F4K328_ARATH         5.9095589 4.9661199 5.7150619 4.3397072 5.5049819 0.0000000 3.7917945 6.2359364 4.5255225 5.7324340 4.6136637 5.1567029 5.3709656 3.9289560 3.6910311 4.0588215 3.5425436 3.7559071 3.7066413 3.6663562 4.4662631 5.2178241 4.9144383 3.2612999 5.1049298 4.8108205 5.5000773 3.4722951 6.4725279 5.1711902 4.5565938 5.2178405 5.2178405 4.8556971 3.8376781 4.0465948 5.4674190 4.7633964 5.2844263 4.3700923 4.4670531 4.6040401 4.4598214 5.3450521 4.6418349 3.2188133 2.9663030 4.2608349 3.5140321 3.1695327 2.4188888 3.8073354 3.8306855 3.3875922 3.7241740 3.8631933 3.4764476 3.3981518 3.3480652 3.4776773 3.4786880 2.3830492 5.2762125 4.7105431 5.1575629 4.7728448 0.9529372 5.4667181 5.2178405 5.7731721 5.2096600 4.8142261 3.8148238 5.2667459 5.3864231 4.7147943 5.6446555 5.1556718 4.9978702 4.2269377 4.5132805 5.1051042 5.3252328 5.5568564 4.8414184 4.8067134 4.8435070 5.1584134 4.1445127 4.8003521 3.9921404 5.5915011 5.0399886 4.3068799 5.2304427 3.3361953 5.4250822 
sp|Q45500|YKTD_BACSU           4.7058653 4.0805538 5.3025013 4.2804281 5.1007254 3.7917945 0.0000000 4.8285936 4.3051409 4.4194638 4.0872820 5.0447465 4.9117502 4.0863221 4.1783691 3.8667179 4.5359731 4.4521100 3.5254071 4.6493690 4.6398920 5.1274483 4.9210565 4.1622993 5.1603140 4.6930012 4.8228527 3.3767087 5.4390777 5.2114043 4.2474956 5.0162853 5.0162853 4.4092782 6.3584498 3.9426696 5.4207237 4.6190031 4.9721902 4.8776392 5.6753053 5.3016138 4.9042510 4.9525915 4.7271319 4.2662462 4.0442018 3.8742020 4.3793496 4.0018498 2.8697786 4.6549761 3.3193387 3.9297305 4.0260692 3.8944583 4.1305269 4.1682133 3.3966077 4.3844213 3.7854649 2.8227436 4.5142032 5.1096479 4.8239422 5.0948736 3.7077707 5.0014062 5.0162853 5.6001254 4.3382444 5.7116478 4.4497256 6.5455726 5.3203783 4.4708389 5.1102188 4.7014158 5.5300036 4.7831777 4.8647707 4.5634205 4.4263248 3.6568727 4.0765816 4.7398002 4.8194619 7.4571667 4.2676153 4.6850315 2.8274029 5.0898651 4.7908777 4.5131387 4.6648393 4.6979496 4.8111602 
tr|C3Y913|C3Y913_BRAFL         1.0994571 2.1011967 0.8327872 5.6746007 1.5290578 6.2359364 4.8285936 0.0000000 1.3977630 0.8012441 1.8081096 0.7913652 1.5379473 4.3360080 5.1409316 4.8326749 4.1811607 4.6497959 4.7785926 4.1022218 2.1666575 0.9546940 2.3283941 5.8907008 0.6595255 1.7593619 1.8933092 4.5477061 1.0630383 0.7550284 1.9123710 0.8250774 0.8250774 1.6765956 0.8832535 0.6015854 1.1701646 2.3454908 0.8316962 0.8119329 1.8407294 1.9930588 1.5834809 0.8615896 1.6825114 6.1234279 4.7207571 5.8299312 3.8421075 4.7060588 2.8729868 4.6352837 4.2002125 4.4918547 5.8965124 4.0522288 5.0337404 4.1783383 3.8736829 5.6521483 4.1957747 3.5533449 1.8035659 0.8971183 0.9345996 4.8500178 5.8782388 1.4822313 0.8250774 0.9162361 2.2520075 3.9156101 4.4923995 2.6833371 3.2831255 2.0265994 0.6487987 2.0082039 0.7958763 1.8603590 1.9938818 3.8250819 2.1783798 4.9966292 5.1518241 2.0206367 2.0244146 2.5631878 5.3456743 2.0160119 6.7207338 0.9579112 2.0195650 2.5925200 2.2508393 1.8798074 0.6872050 
sp|P46554|LCMT1_CAEEL          1.9478997 2.3020720 1.6268017 5.0026552 2.1672111 4.5255225 4.3051409 1.3977630 0.0000000 1.7490771 2.2902395 1.6932835 2.3272036 4.0577576 6.3688435 4.4945194 4.0135383 5.5612652 4.3950381 4.7891610 2.4746920 1.6031111 2.6431410 4.8650944 1.6302225 2.2721154 2.3404065 4.6096941 1.4554721 1.7051944 2.2786440 1.6250736 1.6250736 2.2098379 1.6812619 1.4888639 2.1599346 2.5866361 1.6318749 1.8185044 2.0713389 2.3321334 1.9154284 1.7187232 2.4134555 4.6981006 4.3242588 5.7194203 4.9458020 5.0671502 3.3261940 5.0791570 4.1766694 4.0596073 5.1396632 4.1457385 4.8448733 4.0815155 4.3300167 4.8243873 4.3692661 4.3486235 2.1120547 1.6409276 1.7344753 5.6104597 4.9753207 2.0973395 1.6250736 1.9288595 2.2110618 3.9250217 4.5873681 2.4512001 2.8706570 2.2099826 1.5302859 2.2232437 1.5961345 2.3733263 2.0969680 4.0610539 2.6436114 4.6560044 4.5227822 1.9171397 1.8881897 2.6160345 4.9935713 1.9354528 5.0421722 1.5440283 2.5383575 2.4161567 2.4237096 2.1730184 1.6843245 
tr|A0A4W3H639|A0A4W3H639_CALMI 1.2798301 2.2859180 0.7034393 6.0170316 1.8576401 5.7324340 4.4194638 0.8012441 1.7490771 0.0000000 2.0426951 0.5541405 1.9437918 4.3379881 7.4647957 4.0320291 4.4464822 4.4773401 4.1718001 4.1947125 2.5395655 1.1811467 2.4570139 6.0004137 0.5101306 2.0640500 2.2123644 4.3636083 1.3344303 0.4956288 2.1837279 0.5526210 0.5526210 2.0838091 0.5894168 0.4405082 1.6007673 2.3089339 0.5427593 0.5642607 1.6816153 2.1152925 1.8105205 0.6317703 2.1393481 4.7670730 5.1889532 5.7120313 4.3287199 4.5926196 4.0437553 3.7471731 4.7723939 4.9838076 5.0933158 4.6006087 4.8539811 4.2435794 4.6450405 4.8851095 4.4732198 4.3803590 2.0130649 1.0682104 0.6235784 5.5951695 5.6055894 1.9502822 0.5526210 0.7376672 2.2558600 4.1157765 4.1612221 3.0877879 3.2047942 2.0057434 1.0655888 1.9865455 0.5431412 2.1538663 2.2853029 4.2163798 2.4160624 5.1183795 4.4935700 2.2744008 2.2949440 2.7974278 4.3866907 2.3532022 5.0834083 1.2139276 2.4247168 2.9063965 2.4815927 2.5458943 0.5266766 
tr|A0A4W3ITR2|A0A4W3ITR2_CALMI 2.1002537 1.9030322 1.9214033 5.1929629 1.8798979 4.6136637 4.0872820 1.8081096 2.2902395 2.0426951 0.0000000 1.9131982 1.9051830 3.8814666 5.7073438 4.9285289 5.2805054 4.9258332 4.3977243 4.6170857 2.0070520 1.8973269 2.1819326 4.8309425 1.8891470 1.0563121 1.8814841 4.0761644 1.9953817 2.1127570 0.9930764 2.0366546 2.0092802 1.0762783 2.4021161 1.4848244 2.4716765 1.8807276 2.0055188 1.9161154 2.1407423 1.8760169 1.7376873 1.9886958 1.0656708 5.2545893 4.3870082 5.5555791 4.7514758 4.4198274 3.4836858 4.5462992 4.3024058 4.5037313 5.2834329 4.0216011 5.0356270 4.4466117 5.2903723 4.8055333 4.1637484 4.8095171 1.4675298 1.9554469 2.0971546 4.9385113 5.6677487 1.8507855 2.0366546 2.1816014 2.1145987 3.9939602 4.0960509 2.5546766 3.1437807 1.2594706 2.2221846 1.3890782 2.0248950 1.1172435 2.2919384 4.3730003 2.4912740 4.1806032 4.8611449 2.8041881 2.8136312 3.0127586 5.1172752 2.7541560 6.0880439 2.1143474 1.8149539 2.5481558 2.4886654 1.1810133 1.9165050 
tr|A0A8I3MBM2|A0A8I3MBM2_CANLF 1.3676214 2.1283902 0.5612311 6.0835965 1.9174031 5.1567029 5.0447465 0.7913652 1.6932835 0.5541405 1.9131982 0.0000000 1.9385579 4.5953138 7.6212345 4.6715386 4.2195202 5.0013151 4.6295625 4.2483137 2.4408318 1.1186332 2.4021889 5.8745795 0.5050177 1.9710844 2.1197125 4.3891118 1.2739462 0.3943508 2.0396255 0.1252719 0.1252719 1.9156707 0.1306270 0.0635951 1.6732511 2.2267573 0.1244711 0.2436438 1.7623060 1.9635016 1.6792304 0.1658316 1.9718363 5.9403053 4.8961820 5.9210982 4.6524445 4.8377353 3.2656672 3.8873932 4.5651524 4.6783369 5.7454397 4.5783317 5.1105344 4.3164830 4.0277451 4.5781854 4.5499682 4.6628233 1.9344112 1.1023784 0.2459191 5.0119707 5.9258003 1.9168087 0.1252719 0.7787712 2.1660012 3.8621356 4.1117865 2.5175639 3.0662676 1.8710222 1.0421795 1.9232823 0.5719035 2.1500284 2.0072854 3.8416621 2.3757611 6.2222551 4.2027930 2.2917532 2.3010038 2.5604551 4.9290384 2.2824886 5.2081330 1.1632332 2.2935161 2.7320434 2.3663993 2.5594833 0.4129880 
tr|A0A2K3DUV7|A0A2K3DUV7_CHLRE 1.7466918 2.1261298 2.0220104 7.2259221 1.1444393 5.3709656 4.9117502 1.5379473 2.3272036 1.9437918 1.9051830 1.9385579 0.0000000 4.5184121 4.2026553 4.7201628 4.8470773 5.1149579 4.6804290 4.8964905 2.0371533 1.7228825 2.2307438 6.8228710 1.8236866 1.8121549 2.0078261 5.0989183 2.0864932 1.9504642 2.0845995 1.9546054 1.9546054 1.6938766 2.1500500 1.8058855 2.1019758 2.1443269 1.9508597 1.9257432 2.1021945 2.0183705 1.6829109 1.9598051 1.8356619 5.4283431 4.3916529 5.0352001 4.5443524 5.1275046 3.2931636 4.4923792 4.3894688 5.0006976 5.1989207 4.4019983 4.7958658 4.3405779 4.4582803 5.5994320 3.6912417 4.9786263 1.7731902 1.6594785 2.0109733 6.6974155 5.4927050 1.1519539 1.9546054 1.8708482 2.0739611 3.6293409 4.7819592 2.8069038 2.9573968 1.7341660 1.7596465 1.7413801 1.9020299 1.8413648 2.1393627 4.1468904 2.6251441 5.4918470 3.7926422 2.5110264 2.5158714 3.4242155 6.4612321 2.4164384 7.0382460 1.7120899 2.1456505 2.3252238 2.3536553 1.9085436 1.7598870 
tr|A0A2K3E8E0|A0A2K3E8E0_CHLRE 4.7527673 4.1834366 4.3129246 3.6569446 5.1595579 3.9289560 4.0863221 4.3360080 4.0577576 4.3379881 3.8814666 4.5953138 4.5184121 0.0000000 3.4602088 3.6038589 2.3244800 3.6693238 3.2169993 2.6444392 4.1040910 4.4141985 3.9945935 4.5090727 4.6256244 4.8142198 4.7849028 4.0155913 4.2429202 4.6344530 3.6479344 4.4092401 4.4092401 3.3993257 4.9609202 3.7581300 5.6438818 4.7618087 4.3134589 4.4549155 3.5689744 3.7854141 4.1042710 4.6821443 3.6562160 3.1384034 2.6118733 3.5115942 2.4120751 2.9766967 1.4536753 4.3135397 2.5248880 2.7067972 3.1669620 2.5874124 2.6404673 2.5182881 2.6917841 2.4704092 2.3954668 2.9661019 4.0793852 4.4011365 5.0698455 4.5875802 3.6694115 4.5810847 4.4092401 4.8690115 4.8167663 3.5350636 4.8990120 5.2251625 5.7286964 4.2215900 3.7508806 4.4433083 4.3340530 4.4202785 5.2509829 4.2325575 4.7808875 4.2407752 4.5513284 4.4517245 4.5218247 4.3738311 6.0746157 4.2680153 3.6769383 4.0293678 5.5745652 4.0239658 3.4992356 4.4227852 4.1516340 
tr|A0A2K3DDU2|A0A2K3DDU2_CHLRE 6.7820140 5.4484811 7.6799221 3.2215585 5.5893841 3.6910311 4.1783691 5.1409316 6.3688435 7.4647957 5.7073438 7.6212345 4.2026553 3.4602088 0.0000000 4.5299703 3.3693940 3.3104281 4.4518041 3.2712744 6.3104149 6.4996091 6.9697669 3.8530313 7.5057539 5.4287032 6.6765610 4.5889392 7.5106412 6.2402282 4.5103660 7.1062721 7.1062721 5.0938591 8.9999988 6.8640514 6.2228562 6.6751430 7.3490214 8.4844096 5.9796719 5.2648380 5.4172754 7.6253682 5.5777206 2.9285114 2.9229144 4.0962224 2.9423788 3.4877044 2.8453359 6.9083155 2.7704280 3.0965318 3.2223376 2.8801475 3.1709496 3.5625954 3.4410460 3.4066682 3.1422406 1.7992120 5.5255129 7.3831064 8.3129978 2.8642876 3.4718472 5.3739796 7.1062721 7.6422898 7.1656325 6.8996408 5.6327990 6.6099331 8.9999981 5.5587824 6.4871982 5.4489147 7.2123443 5.1031065 7.4981204 4.7941401 5.4569814 6.0011075 4.4634745 6.8228071 6.7818138 6.7453543 5.3981051 6.6512318 5.2293522 7.8737702 6.1225059 5.4600232 5.6725492 4.8069147 6.8695787 
tr|A0A2K3D819|A0A2K3D819_CHLRE 5.3205329 4.8667623 4.2253939 5.1898008 5.4498074 4.0588215 3.8667179 4.8326749 4.4945194 4.0320291 4.9285289 4.6715386 4.7201628 3.6038589 4.5299703 0.0000000 3.1739501 3.8169228 1.1132626 2.5241236 5.3898079 5.7577779 4.9913516 4.1631525 4.8027856 4.6214135 5.1839540 3.6364356 4.9012104 4.9683871 4.8132316 4.7628570 4.7628570 4.4684956 4.7685063 3.1357809 5.3169233 5.5352012 4.8042237 4.5897668 4.5724677 4.7818801 4.3244868 5.2402448 4.6179631 3.1205144 3.4129953 2.8308889 3.4167911 3.6049748 1.8877672 4.2456787 3.3916042 3.2263308 3.3290838 3.4310521 3.5922276 3.4551281 3.0183194 3.9496939 3.3349743 2.8823238 4.8105329 3.9409320 5.5609664 4.5422282 4.7830817 4.8435525 4.7628570 6.0722167 4.6917511 4.7390331 5.2466407 7.8719878 6.5794686 4.3477305 5.2198393 4.3790839 4.5749911 4.4813052 5.8448045 4.6708005 4.3655862 3.8547967 4.1139160 5.3929931 5.5138497 4.8111870 5.3847611 4.9810336 4.0433898 5.2069543 6.0646759 5.1865596 4.3967408 3.9484399 4.6327938 
tr|A0A2K3D8H7|A0A2K3D8H7_CHLRE 5.9143422 5.1408977 4.3938849 3.8324809 5.6519554 3.5425436 4.5359731 4.1811607 4.0135383 4.4464822 5.2805054 4.2195202 4.8470773 2.3244800 3.3693940 3.1739501 0.0000000 3.4816058 2.9449449 2.7521024 5.3830703 4.4011432 5.9896217 3.2330895 4.5507834 4.6798317 5.6760551 4.0356167 5.1498687 4.5090147 4.6942383 4.2725182 4.2725182 4.5259784 4.3201681 4.3701860 6.6172869 6.5492276 4.2382984 4.6985854 4.7837169 4.2469640 5.1081769 4.5847755 4.5762718 2.5384999 2.4674651 2.9223017 2.4625884 2.4497138 1.4958533 4.0283700 2.2569008 2.4831107 2.8189369 2.6491399 2.7365818 2.4611404 2.3396625 2.1737157 2.5737451 1.7291382 4.8673563 4.9409516 4.9732840 3.8958387 3.1916736 5.9362144 4.2725182 3.7202760 5.3486963 3.7266119 4.9357185 5.4048337 5.8554711 4.5003207 4.2353176 4.5097144 4.3414024 4.1416768 6.1283349 4.3207925 4.2541485 4.1426928 5.1094343 4.6924336 4.7170460 4.4573404 6.3995794 4.5971439 3.7886758 5.2363653 6.7683739 4.8140742 5.0972326 5.5508366 4.0153025 
tr|A0A2K3CVA4|A0A2K3CVA4_CHLRE 4.9226188 4.8951597 4.6690927 4.3300689 5.2631553 3.7559071 4.4521100 4.6497959 5.5612652 4.4773401 4.9258332 5.0013151 5.1149579 3.6693238 3.3104281 3.8169228 3.4816058 0.0000000 3.7667242 2.6485503 5.4817609 5.2626116 6.5340015 2.8116889 5.3116486 5.4404510 5.7153622 3.4887569 4.8758996 4.6932907 4.5399738 5.3034520 5.3034520 4.4251176 5.9447188 3.6328303 5.7662877 6.8187964 5.2638577 5.4360727 5.3326352 5.1019728 5.1925252 5.1224406 4.5048601 3.0389845 2.5454092 3.5419742 2.2748735 2.9328475 1.5798620 3.7431048 2.4267279 2.4285267 3.0622217 2.4959004 2.6193299 2.5623092 2.3560027 2.5181293 2.2126356 2.1448302 5.0655709 4.8937463 5.3830964 3.9579729 3.4532284 5.5104553 5.3034520 5.5319349 6.5474111 4.7447299 4.1242411 6.0796966 6.9810303 5.3659302 4.9399554 5.6490040 4.8029944 5.1719061 5.5032388 4.8478950 5.2755819 4.6243684 5.1463644 4.7545764 4.7841354 4.5680516 4.4844904 4.5275821 3.6117381 5.0080054 7.8842934 4.2350760 5.0710893 5.1514009 4.3360924 
tr|A0A2K3CRI0|A0A2K3CRI0_CHLRE 5.3704577 5.0530221 4.5947209 4.8728705 4.8765365 3.7066413 3.5254071 4.7785926 4.3950381 4.1718001 4.3977243 4.6295625 4.6804290 3.2169993 4.4518041 1.1132626 2.9449449 3.7667242 0.0000000 2.7147932 5.0004873 5.2176019 4.7359220 3.7615899 4.6504213 4.5099633 4.9693825 3.6500507 5.0936835 4.8984398 4.3859352 4.9568498 4.9568498 4.4799078 4.8836705 3.1702880 5.6762349 5.8944565 5.0539193 4.7761719 4.1153247 4.4652276 5.2728140 5.0223720 4.4695491 3.2462922 2.8409684 2.8083747 3.3675931 3.3165421 1.6734539 3.7643459 2.8789353 2.8744339 3.0504881 2.7898435 3.0790076 3.1718761 3.0161100 3.4395323 3.1151192 2.6067174 4.6827489 3.8458579 5.2347261 5.0129470 3.7975885 5.2801659 4.9568498 5.9589272 4.7240856 4.1420112 5.3792874 5.6947252 6.9130934 4.7342035 5.4092694 4.6150910 5.0276757 4.4201174 4.8550938 4.5766516 3.8654057 4.3212595 3.6514130 5.1423079 5.2113682 4.8246569 6.1342909 4.7719586 3.2368540 4.6886730 5.3637636 4.8641846 3.7965086 3.7494797 4.8515719 
tr|A0A2K3CT69|A0A2K3CT69_CHLRE 5.0560344 4.6671519 4.2091606 4.2615621 6.5755966 3.6663562 4.6493690 4.1022218 4.7891610 4.1947125 4.6170857 4.2483137 4.8964905 2.6444392 3.2712744 2.5241236 2.7521024 2.6485503 2.7147932 0.0000000 4.6744284 4.7903290 5.2899280 3.4236306 4.6599423 4.6395154 6.3198788 3.3618704 4.6475211 4.1814372 4.4662894 4.2326640 4.2326640 3.9499183 3.7428180 3.5899230 4.6927404 5.5937532 4.2283836 4.2275806 3.8817151 5.0045555 5.5664717 4.5510926 4.2033431 2.7550464 2.5465181 3.2780183 2.5797965 2.9024939 1.2448802 3.8713891 2.2218263 2.5048152 2.9386785 2.2681970 2.9428709 2.7068232 2.3747257 2.9079427 2.4605197 2.2907434 5.9760905 4.4355594 4.7688709 4.2174132 3.1151428 5.3573570 4.2326640 4.2124673 7.1476524 3.5077570 4.5937103 5.0328878 6.7654601 5.1556832 4.7401650 5.3196583 4.4043537 5.6200710 6.2290847 4.9432156 4.5353533 4.4059574 5.5587526 4.0494133 4.1478764 3.8518488 5.5893434 4.0164334 3.7638860 5.6021068 8.4883584 3.8077636 4.7155343 3.8701486 4.2135238 
tr|F6X2Y1|F6X2Y1_CIOIN         2.4968178 2.3016543 2.7806279 5.9050709 2.0620018 4.4662631 4.6398920 2.1666575 2.4746920 2.5395655 2.0070520 2.4408318 2.0371533 4.1040910 6.3104149 5.3898079 5.3830703 5.4817609 5.0004873 4.6744284 0.0000000 2.3048576 0.7201694 6.5925816 2.3565308 2.1592790 2.0094032 4.0886840 2.4625987 2.7144758 2.2930735 2.4142582 2.4142582 2.2651579 2.4760439 2.2745254 2.3785336 2.1029245 2.4376568 2.5963162 2.3645156 2.3071832 1.9428122 2.4934762 2.2397490 5.7402130 4.2601547 5.2272740 4.4703283 5.0689265 3.3692490 4.5667278 4.5270681 4.7831820 5.1617929 3.8565377 5.2384463 4.6366121 4.7213337 5.4137442 4.1669596 3.6767497 1.9528140 2.3539499 2.6463856 4.9334681 5.3139376 1.9856471 2.4142582 2.7632501 2.3615786 4.2850928 4.0082079 2.8372414 3.3338152 1.9517709 2.1774134 2.1487576 2.6076308 2.2519543 2.2074462 4.2103655 2.6751728 4.5494945 5.6269322 2.9689812 3.0108056 3.3266766 5.2344970 2.7900071 6.3276849 2.2984718 2.1049416 2.7206142 2.7636941 2.0542400 2.4329043 
tr|H2Z4V0|H2Z4V0_CIOSA         1.3993666 2.4012146 1.1133720 5.9657238 1.5612514 5.2178241 5.1274483 0.9546940 1.6031111 1.1811467 1.8973269 1.1186332 1.7228825 4.4141985 6.4996091 5.7577779 4.4011432 5.2626116 5.2176019 4.7903290 2.3048576 0.0000000 2.5105842 6.8705767 1.0595861 1.9682990 1.9628820 4.8501402 1.2709337 1.1313347 2.1084489 1.1029090 1.1029090 1.9409736 1.1740809 1.0054263 1.6322212 2.4876219 1.1107213 1.2195077 1.8788011 2.0415371 1.7869340 1.1801742 1.9564500 5.6947406 4.8174910 6.4874185 4.5744214 4.7600666 2.8085430 4.4284427 4.2786282 4.7562043 6.1637204 4.1241932 4.9165438 4.6908337 4.0232359 5.1168220 4.4458635 4.3103735 1.8629233 1.2286010 1.2458170 5.9023835 6.1915165 1.5529987 1.1029090 1.1710587 2.0192085 4.9063457 4.3087240 2.3367076 3.0823518 1.8558212 1.2450670 1.8061772 1.1660384 1.9999147 2.0822279 4.5001247 2.1458958 5.7870411 4.1314551 2.2608540 2.2512781 2.8901173 5.0996537 2.3253455 6.1391606 1.2138628 2.3496222 2.3807302 2.3840164 2.0731267 1.1262394 
tr|H2ZAB1|H2ZAB1_CIOSA         2.6449331 2.2269788 2.4609135 6.5019848 1.9445234 4.9144383 4.9210565 2.3283941 2.6431410 2.4570139 2.1819326 2.4021889 2.2307438 3.9945935 6.9697669 4.9913516 5.9896217 6.5340015 4.7359220 5.2899280 0.7201694 2.5105842 0.0000000 6.5611497 2.2831301 2.2989248 1.8102507 3.8636311 2.2325482 2.4865613 2.2335753 2.4241436 2.4241436 2.2309281 2.5858564 2.1307934 2.4401617 2.0344295 2.4178384 2.6465130 2.2902020 2.4322124 1.9137921 2.5054085 2.1987854 5.8961308 5.1376160 5.4676508 4.9845433 5.2283879 3.3624516 5.0718721 5.4697839 5.3727792 5.7028288 4.2561492 5.6871273 5.3249622 5.0470840 6.3272633 4.7938499 4.4842732 1.9355621 2.4852910 2.7372877 5.9628041 6.0944712 1.8906873 2.4241436 2.6525838 2.1396424 4.2258916 3.9301336 3.2215424 3.0927822 2.0023784 2.3345825 2.1235070 2.5417713 2.1664566 2.1225610 4.4030858 2.7723672 4.4245886 5.2289421 2.9264319 2.9066522 3.1020074 5.3984193 2.7467545 5.4555382 2.4387433 2.2720018 2.4466491 2.9216014 2.4069917 2.3698564 
tr|M1VEB1|M1VEB1_CYAM1         6.2177116 7.0216473 6.5787261 4.1734167 6.7801803 3.2612999 4.1622993 5.8907008 4.8650944 6.0004137 4.8309425 5.8745795 6.8228710 4.5090727 3.8530313 4.1631525 3.2330895 2.8116889 3.7615899 3.4236306 6.5925816 6.8705767 6.5611497 0.0000000 6.4704126 5.6749539 6.2857312 3.7856001 6.2821427 6.0059504 5.6619615 6.1847305 6.1543642 5.2011135 7.4143671 4.3526885 6.0492718 6.4840241 6.0400108 6.3163648 6.8596424 5.7320114 6.4568434 6.1114943 5.4260363 2.5498376 2.4730867 3.9143575 2.1494839 2.5185285 2.0303122 4.8794341 2.6398299 2.6899890 2.7899712 2.6348720 2.7061434 2.9370935 2.6772846 2.6554963 2.5199876 1.8716114 6.2965638 5.9506101 7.0247787 4.1504736 2.9861760 6.8396833 6.1847305 6.5626447 5.4961301 4.6284600 4.2342954 6.6789904 8.3407834 5.3344094 5.6837268 5.3473654 6.0237635 5.7756467 5.4847989 5.5176440 4.9134268 4.1250168 5.1727706 5.6351035 5.6379774 7.0953285 4.8564020 5.4331043 4.8599403 6.6537308 7.3991599 6.1722008 6.0161155 4.8891230 5.7772660 
tr|A0A2R8Q906|A0A2R8Q906_DANRE 1.2143302 2.2543308 0.6945028 5.9398427 1.7156487 5.1049298 5.1603140 0.6595255 1.6302225 0.5101306 1.8891470 0.5050177 1.8236866 4.6256244 7.5057539 4.8027856 4.5507834 5.3116486 4.6504213 4.6599423 2.3565308 1.0595861 2.2831301 6.4704126 0.0000000 2.1287212 2.1340973 4.4252535 1.2216264 0.4406317 2.1684459 0.5474988 0.5474988 2.1438894 0.5176294 0.4898354 1.5035919 2.4160732 0.5497768 0.4971568 1.8573425 2.0335089 1.7602295 0.6266960 2.0896631 5.9194241 5.2808771 5.6462056 4.3389739 5.2278774 3.0123623 3.7472139 4.2113803 4.8988182 5.9820878 4.4701418 5.4050437 4.4013954 4.2579138 5.3026555 4.4946974 4.3739531 2.0373296 1.0549970 0.6042071 5.6750143 6.1109813 1.8223540 0.5474988 0.6205947 2.2484863 3.7269565 4.1687471 2.7796780 2.9252774 2.0147380 0.9425524 2.1169315 0.2761561 2.2053568 2.2920623 4.0894303 2.3965417 5.8206794 4.3101126 2.2929470 2.2569601 2.4171890 5.0832626 2.2902425 5.8680621 1.1176129 2.3407498 2.8575486 2.3701467 2.3234637 0.3857625 
tr|A8WHX0|A8WHX0_DANRE         2.1047327 1.9131100 1.9789524 6.0064304 1.9048398 4.8108205 4.6930012 1.7593619 2.2721154 2.0640500 1.0563121 1.9710844 1.8121549 4.8142198 5.4287032 4.6214135 4.6798317 5.4404510 4.5099633 4.6395154 2.1592790 1.9682990 2.2989248 5.6749539 2.1287212 0.0000000 2.1348201 3.5772740 2.1074631 2.0676408 1.2823406 2.0385545 2.0385545 1.1850552 2.3654634 1.5289163 2.3868888 2.1373929 2.0463766 2.0371553 2.1537725 2.0204397 1.8209634 2.0839121 1.2127711 5.1001690 3.7227591 5.4934185 4.7267129 4.0899570 3.5622116 4.6818257 4.7882050 4.8210706 5.5649132 3.9391144 4.6741396 4.4094666 4.7561796 4.9400765 4.2778252 4.0630681 1.6157179 1.8676893 2.1144879 5.5307796 5.8616163 1.9354316 2.0385545 2.5421311 2.2469393 3.4652392 4.0858118 2.6271151 3.2014647 1.5349284 2.2301725 1.6434142 2.1599774 0.6893996 2.2590947 4.9515197 2.8273146 4.8413547 4.0964756 2.2646361 2.2955818 3.0173648 6.5390015 2.3495298 5.9063490 2.1540954 1.7892749 2.6130344 2.5395494 1.1922569 1.9843888 
tr|Q54J74|Q54J74_DICDI         1.9711313 2.0339983 2.2154719 5.3200048 1.6268976 5.5000773 4.8228527 1.8933092 2.3404065 2.2123644 1.8814841 2.1197125 2.0078261 4.7849028 6.6765610 5.1839540 5.6760551 5.7153622 4.9693825 6.3198788 2.0094032 1.9628820 1.8102507 6.2857312 2.1340973 2.1348201 0.0000000 4.8464639 1.8829194 2.2119284 2.0397618 2.1468073 2.1468073 2.2073475 2.3398412 1.6736292 2.3158547 2.0934016 2.1512098 2.0619554 2.0304828 2.5226627 1.6788202 2.2172509 2.2456982 5.7734268 4.8808757 5.9609898 4.8261507 6.2429253 4.6176742 4.9522676 4.9099214 4.6307525 5.5865151 4.7473286 5.2886333 4.5940790 5.1012336 5.2773338 4.5502337 4.3184921 1.9250593 1.6099925 2.2823277 5.3855762 6.6786738 1.8588831 2.1468073 2.4111463 1.8766551 4.1198508 4.6171948 2.7218309 2.5987603 2.0505901 2.0700883 2.0515492 2.3547474 2.0118889 1.4814482 3.5459237 2.5245529 5.5790601 4.0197886 2.1622880 2.1493700 2.8371421 5.3752211 2.2175095 5.2813810 1.9999520 2.0554110 2.7017843 2.7837529 2.0838729 2.0947270 
tr|Q54NV3|Q54NV3_DICDI         4.3581702 3.7949982 4.4881979 4.6197254 5.0747203 3.4722951 3.3767087 4.5477061 4.6096941 4.3636083 4.0761644 4.3891118 5.0989183 4.0155913 4.5889392 3.6364356 4.0356167 3.4887569 3.6500507 3.3618704 4.0886840 4.8501402 3.8636311 3.7856001 4.4252535 3.5772740 4.8464639 0.0000000 4.4248618 4.7789488 3.8060303 4.2729997 4.2130635 3.7394584 4.4042421 3.6844120 4.7920828 4.1530890 4.2158716 4.3602069 4.8557872 3.9601601 3.9528652 4.4616616 3.8031558 3.3328068 3.9617675 3.9128781 3.5104734 3.1911062 2.3223726 4.3036679 3.5776522 3.6660651 3.4553035 3.4708174 3.6214900 3.3705496 3.4525392 3.6701134 3.4664770 3.5337885 3.9716965 4.5054813 4.6763856 4.6373403 3.4813811 5.1138441 4.2729997 4.4408101 4.1850363 5.5560309 4.8716300 5.6233669 4.8702586 4.2078080 5.1779167 3.9600122 4.7001025 3.6524139 4.0394951 4.2457226 4.6486291 4.5399620 4.2171027 4.4928054 4.3665019 5.5194631 4.7021158 4.1150689 3.9842200 5.4754330 4.2509140 3.9377407 4.9545318 4.4489986 4.3364352 
tr|M9NF32|M9NF32_DROME         1.3744831 2.3213621 1.1342223 5.7927158 1.8000099 6.4725279 5.4390777 1.0630383 1.4554721 1.3344303 1.9953817 1.2739462 2.0864932 4.2429202 7.5106412 4.9012104 5.1498687 4.8758996 5.0936835 4.6475211 2.4625987 1.2709337 2.2325482 6.2821427 1.2216264 2.1074631 1.8829194 4.4248618 0.0000000 1.1897889 1.9971443 1.2402377 1.2402377 1.9179094 1.2769968 0.9915342 1.7096840 2.3969504 1.2241975 1.1570138 1.9179968 2.2401844 1.7551719 1.2693882 1.9032837 5.0651805 4.6858697 5.7142334 5.0156578 6.1737646 2.9233335 5.5696912 4.5798349 4.3246669 5.6260072 4.8328374 4.8334260 4.2538545 5.0873443 4.7985253 4.4434760 5.5201264 1.9226521 1.0399562 1.3389384 6.0467991 6.2862943 1.7670218 1.2402377 1.3587462 2.1830956 3.9927300 4.8593937 2.8086320 3.0827321 2.1615892 1.1646444 2.1025628 1.2774182 2.0430271 1.9774174 4.1388148 2.4451463 5.9020754 4.7906752 2.0081646 1.9930549 2.6679666 4.9222595 2.0573636 5.6225048 1.2412712 2.3558144 2.4625891 2.3771146 2.2700212 1.1839025 
tr|A0A8V0Z6U8|A0A8V0Z6U8_CHICK 1.3279070 2.2104423 0.5503948 6.2268871 2.0439221 5.1711902 5.2114043 0.7550284 1.7051944 0.4956288 2.1127570 0.3943508 1.9504642 4.6344530 6.2402282 4.9683871 4.5090147 4.6932907 4.8984398 4.1814372 2.7144758 1.1313347 2.4865613 6.0059504 0.4406317 2.0676408 2.2119284 4.7789488 1.1897889 0.0000000 2.2331767 0.3912330 0.3912330 2.0046397 0.3501236 0.2669706 1.6320769 2.4127663 0.3910069 0.3842741 1.6792763 2.0697458 1.8123194 0.4460258 1.9680978 5.8509319 5.0845444 5.5280139 4.4709511 5.3626561 3.1461987 4.6312045 4.8384524 4.9278089 6.0624517 4.7169963 5.4515634 4.4549662 4.3800867 4.8201082 4.5407716 5.1137610 2.1061596 1.1173584 0.4427897 5.2487995 5.8346106 2.0574639 0.3912330 0.6847390 2.2272393 3.6976818 5.1198772 2.8594450 2.9823257 2.2037343 0.9723056 2.1808988 0.4478412 2.1786534 2.0784569 4.1076497 2.5312261 6.2838712 4.6507120 2.1745141 2.1558665 2.5054851 5.2750217 2.1944645 5.6237044 1.1358892 2.4224414 2.5276305 2.2672232 2.4889813 0.2964933 
tr|A0A8V0XCN5|A0A8V0XCN5_CHICK 2.2691092 1.9019932 1.9152680 5.7391223 1.8624072 4.5565938 4.2474956 1.9123710 2.2786440 2.1837279 0.9930764 2.0396255 2.0845995 3.6479344 4.5103660 4.8132316 4.6942383 4.5399738 4.3859352 4.4662894 2.2930735 2.1084489 2.2335753 5.6619615 2.1684459 1.2823406 2.0397618 3.8060303 1.9971443 2.2331767 0.0000000 1.9924504 1.9924504 0.9264546 1.9989304 1.5919566 2.4395021 2.0444602 2.0097641 2.0066728 1.9922896 1.9698129 1.6430167 2.0711206 0.9575100 4.8048982 4.2043901 4.7537332 4.2044934 4.6441422 3.3229534 4.1239948 4.0231091 3.8150816 5.1836759 3.6933050 4.2879787 4.0311472 4.4786518 4.5525459 3.6553824 3.8519927 1.6126325 1.8167732 2.2246074 4.7299620 5.0792936 1.9422601 1.9924504 2.2002434 2.3492915 3.9369254 3.7366838 2.5768435 2.9606882 1.5516370 2.1382423 1.7236220 2.2260727 1.2514098 2.2066486 4.0880035 2.6545365 4.9394475 3.8916206 2.5635989 2.5458240 3.2225730 4.1770534 2.4647031 5.0009047 2.1943023 1.9275707 2.5531250 2.4873455 1.2775769 2.2231470 
tr|G3SID5|G3SID5_GORGO         1.3935127 2.0758182 0.5606086 5.9119008 1.9887066 5.2178405 5.0162853 0.8250774 1.6250736 0.5526210 2.0366546 0.1252719 1.9546054 4.4092401 7.1062721 4.7628570 4.2725182 5.3034520 4.9568498 4.2326640 2.4142582 1.1029090 2.4241436 6.1847305 0.5474988 2.0385545 2.1468073 4.2729997 1.2402377 0.3912330 1.9924504 0.0000000 0.0000010 1.8796155 0.0130794 0.0000010 1.6302393 2.2994950 0.0151332 0.2297000 1.7294836 1.9782601 1.6593574 0.1311219 1.9179851 5.5370740 4.7607354 5.6728144 4.5497783 4.8323383 3.5582852 3.7465045 4.7472676 4.5855851 5.6657111 4.5734455 5.2689200 4.2998003 4.0564536 4.7032434 4.4335063 4.8705568 1.8859764 1.1016662 0.2350635 5.0798806 5.8445900 2.0234860 0.0000010 0.7805350 2.1222521 4.0191341 4.2325077 2.5381452 3.0948277 1.9049961 1.0832515 1.9731507 0.5896481 2.1124620 2.0575188 3.7770231 2.3175364 6.0698535 4.2266193 2.3043889 2.3147986 2.5305958 4.7670168 2.2899297 5.2450587 1.1706375 2.3899474 2.7849928 2.3411176 2.4030311 0.4327874 
sp|Q9UIC8|LCMT1_HUMAN          1.3935127 2.0758182 0.5545023 5.9119008 1.9887066 5.2178405 5.0162853 0.8250774 1.6250736 0.5526210 2.0092802 0.1252719 1.9546054 4.4092401 7.1062721 4.7628570 4.2725182 5.3034520 4.9568498 4.2326640 2.4142582 1.1029090 2.4241436 6.1543642 0.5474988 2.0385545 2.1468073 4.2130635 1.2402377 0.3912330 1.9924504 0.0000010 0.0000000 1.8796155 0.0130794 0.0000010 1.6302393 2.2994950 0.0151332 0.2297000 1.7294836 1.9782601 1.6593574 0.1311219 1.9179851 5.5370740 4.7607354 5.6728144 4.5497783 4.8323383 3.5582852 3.7465045 4.8090548 4.5855851 5.6657111 4.5734455 5.2689200 4.2998003 4.0564536 4.7032434 4.4335063 4.8705568 1.8859764 1.1016662 0.2350635 5.0798806 5.8445900 2.0234860 0.0000010 0.7805350 2.1222521 4.0191341 4.2325077 2.5381452 3.0948277 1.9049961 1.0832515 1.9731507 0.5950211 2.1124620 2.0575188 3.7770231 2.3175364 6.0698535 4.2266193 2.3043889 2.3147986 2.5305958 4.7670168 2.2899297 5.2450587 1.1706375 2.3899474 2.7849928 2.3411176 2.4030311 0.4327874 
sp|O60294|LCMT2_HUMAN          2.2623218 1.9475236 1.7210257 4.9744877 2.0037415 4.8556971 4.4092782 1.6765956 2.2098379 2.0838091 1.0762783 1.9156707 1.6938766 3.3993257 5.0938591 4.4684956 4.5259784 4.4251176 4.4799078 3.9499183 2.2651579 1.9409736 2.2309281 5.2011135 2.1438894 1.1850552 2.2073475 3.7394584 1.9179094 2.0046397 0.9264546 1.8796155 1.8796155 0.0000000 2.0223674 1.6980496 2.2790982 2.0672164 1.8780685 1.8597126 1.8145332 1.8199795 1.7258856 1.8633127 0.2787577 4.6604608 3.8214028 4.8892946 3.9606426 4.2480827 2.9245797 3.6711162 4.1731427 4.2651668 4.7990785 3.6586153 4.1248340 4.2281110 3.9467668 4.9036213 3.6215702 4.0888044 1.5813032 1.8619848 2.0037730 5.0388703 5.0879455 1.9659207 1.8796155 2.1322533 2.3817828 3.5313806 4.0407546 3.1450826 3.0019522 1.4973515 2.0472306 1.6153522 2.1778241 1.1866334 2.2724874 3.8433466 2.5908933 4.7507911 4.3304767 2.4998011 2.4866622 3.0781276 5.3019191 2.3989398 5.4382014 2.1987832 1.9328363 2.4570639 2.5496864 1.3402328 1.8984447 
tr|I3L4A2|I3L4A2_HUMAN         1.6805762 1.6623679 0.6114048 8.8006167 2.1031534 3.8376781 6.3584498 0.8832535 1.6812619 0.5894168 2.4021161 0.1306270 2.1500500 4.9609202 8.9999988 4.7685063 4.3201681 5.9447188 4.8836705 3.7428180 2.4760439 1.1740809 2.5858564 7.4143671 0.5176294 2.3654634 2.3398412 4.4042421 1.2769968 0.3501236 1.9989304 0.0130794 0.0130794 2.0223674 0.0000000 0.0000010 1.9832314 2.3120224 0.0264469 0.2369178 1.7229001 2.0297464 1.5683968 0.1508553 1.9471345 5.3776425 4.5825930 5.5027256 4.1542660 4.9543158 3.5582852 3.9429014 4.3909936 4.3322038 5.9079520 4.5387882 5.0672263 4.2286944 3.7381701 5.4482111 4.3146822 0.0000010 1.7587404 1.2323935 0.2324646 5.9918451 4.7693389 2.1929171 0.0130794 0.6615682 2.4077486 3.4515084 4.6166981 2.7454289 2.7402757 2.1002551 1.4204527 2.1844735 0.5386469 2.4699351 2.0123072 4.3322424 2.3937115 6.1595750 3.7410062 2.5292167 2.5367152 2.5929441 4.9733615 2.2492472 5.9520316 1.4569107 2.6229989 2.3340901 2.1220276 2.6511964 0.4044961 
tr|I3L2Q8|I3L2Q8_HUMAN         1.1985303 1.6492144 0.4026455 4.7862105 1.8300172 4.0465948 3.9426696 0.6015854 1.4888639 0.4405082 1.4848244 0.0635951 1.8058855 3.7581300 6.8640514 3.1357809 4.3701860 3.6328303 3.1702880 3.5899230 2.2745254 1.0054263 2.1307934 4.3526885 0.4898354 1.5289163 1.6736292 3.6844120 0.9915342 0.2669706 1.5919566 0.0000010 0.0000010 1.6980496 0.0000010 0.0000000 1.1777539 1.6693016 0.0085181 0.1821430 1.6040249 1.5260458 1.5312219 0.0924483 1.8504472 4.6537753 4.0690864 4.7026499 3.7330503 4.6418666 0.0000010 3.7439144 4.0655017 3.8342250 4.8999085 3.9069509 4.3514962 4.2075697 3.3725610 3.9973748 4.0515905 4.8705568 1.4806892 0.9570997 0.2261395 4.2653113 5.2062091 1.6967245 0.0000010 0.8211992 1.6405160 3.4761219 3.4717061 2.6420566 2.8089302 1.3974253 0.8164946 1.4167082 0.4644968 1.5838887 2.0259271 2.7475198 2.2011891 4.2639067 3.6513097 1.9244871 1.9352565 1.9949656 3.7114933 1.9505604 3.7824560 0.9472110 2.0348271 2.5422531 1.6468917 1.6131697 0.2923161 
tr|A0ABM4CJU5|A0ABM4CJU5_HYDVU 1.5962209 2.4922557 1.5362349 6.4319932 1.9897974 5.4674190 5.4207237 1.1701646 2.1599346 1.6007673 2.4716765 1.6732511 2.1019758 5.6438818 6.2228562 5.3169233 6.6172869 5.7662877 5.6762349 4.6927404 2.3785336 1.6322212 2.4401617 6.0492718 1.5035919 2.3868888 2.3158547 4.7920828 1.7096840 1.6320769 2.4395021 1.6302393 1.6302393 2.2790982 1.9832314 1.1777539 0.0000000 2.9533122 1.6377941 1.7106630 2.0632669 2.8581525 2.0614439 1.6365391 2.2772695 6.4103437 5.1683398 6.6394029 5.2976572 6.3061669 3.3444081 4.7851282 5.6839217 5.8648329 6.8290939 5.7766937 6.3100729 5.6383016 5.5218223 6.7118768 5.2695159 7.1008640 2.4880533 1.5818100 1.8992730 6.2161998 5.9310377 2.0262682 1.6302393 1.9711228 2.6855635 4.4649388 4.1303215 2.6268864 3.6059035 2.4544055 1.6420195 2.4114562 1.6011007 2.4949632 2.3677942 4.3844975 2.8978583 5.8233685 4.2560690 2.4668665 2.4997583 2.9225299 4.1589886 2.4374223 5.9898156 1.6716687 2.7203530 2.6513898 2.5786426 2.1029671 1.5487890 
tr|A0ABM4CXI8|A0ABM4CXI8_HYDVU 2.5244823 1.8398617 2.5586543 6.4870794 2.0394900 4.7633964 4.6190031 2.3454908 2.5866361 2.3089339 1.8807276 2.2267573 2.1443269 4.7618087 6.6751430 5.5352012 6.5492276 6.8187964 5.8944565 5.5937532 2.1029245 2.4876219 2.0344295 6.4840241 2.4160732 2.1373929 2.0934016 4.1530890 2.3969504 2.4127663 2.0444602 2.2994950 2.2994950 2.0672164 2.3120224 1.6693016 2.9533122 0.0000000 2.2765597 2.0573664 2.0982244 2.0064870 1.8587627 2.3685376 2.0519456 5.8179640 6.0999024 6.2649298 5.8390120 6.5060180 4.5453584 4.6142759 4.9738395 5.4187652 5.5819805 5.1898445 5.6148337 4.8960381 5.4234522 5.2778685 4.4235588 3.9298847 1.7051661 2.0783328 2.2587264 4.9573428 5.7462773 2.1662227 2.2994950 2.8982464 2.1451531 4.3423818 5.1450004 2.9271195 3.0727495 1.6817117 2.3558462 1.8161003 2.5011786 2.1487734 1.9391077 4.3996018 2.6244089 4.6647309 4.4235586 2.4536566 2.4710679 3.0255475 5.4647255 2.3634123 5.6783217 2.2652002 1.8604642 2.7309845 2.8690614 1.9387794 2.3391955 
tr|F6RCY5|F6RCY5_MACMU         1.3834944 2.0433752 0.5492530 5.8378701 1.9843917 5.2844263 4.9721902 0.8316962 1.6318749 0.5427593 2.0055188 0.1244711 1.9508597 4.3134589 7.3490214 4.8042237 4.2382984 5.2638577 5.0539193 4.2283836 2.4376568 1.1107213 2.4178384 6.0400108 0.5497768 2.0463766 2.1512098 4.2158716 1.2241975 0.3910069 2.0097641 0.0151332 0.0151332 1.8780685 0.0264469 0.0085181 1.6377941 2.2765597 0.0000000 0.2270029 1.6875997 1.9765597 1.6693597 0.1233727 1.9113413 5.6972319 4.7605730 5.6640603 4.5715482 4.8553746 3.4068296 3.7742948 4.7339343 4.5627972 5.6699946 4.5509994 5.1712697 4.2952780 4.1088033 4.6982569 4.4085528 5.0076279 1.8848892 1.0822469 0.2378127 5.2486948 5.7457779 2.0167630 0.0151332 0.7805992 2.1348977 4.0770496 4.2377797 2.5497535 3.0702492 1.8964732 1.0660810 1.9641720 0.5876022 2.1483447 2.0284570 3.7879243 2.3276479 5.9701730 4.2110383 2.2890147 2.2993597 2.5633322 4.8741503 2.2748062 5.4689949 1.1562644 2.4022116 2.7167009 2.2961236 2.4281971 0.4271622 
